[[-0.2162429243326187, -0.539272665977478, -0.31063470244407654], [-0.22284026443958282, -0.5780801773071289, -0.3034653663635254], [-0.22286778688430786, -0.5785170197486877, -0.3024457097053528], [-0.22317682206630707, -0.5785828232765198, -0.3030618131160736], [-0.24928855895996094, -0.5647556185722351, -0.2968299388885498], [-0.24925830960273743, -0.5656028389930725, -0.29792654514312744], [-0.2501067817211151, -0.5665352940559387, -0.2975606322288513], [-0.16429834067821503, -0.5966092348098755, -0.21570764482021332], [-0.28281369805336, -0.5436714887619019, -0.1974160373210907], [-0.18326881527900696, -0.532426655292511, -0.27695077657699585], [-0.2181718647480011, -0.513129472732544, -0.2687585949897766], [0.003189311595633626, -0.5016976594924927, -0.14312125742435455], [-0.3096745014190674, -0.41247808933258057, -0.11445217579603195], [0.23662355542182922, -0.4934349060058594, -0.1504373848438263], [-0.5187718868255615, -0.3620832562446594, -0.09434191137552261], [0.4779480993747711, -0.5141204595565796, -0.2511656582355499], [-0.7208113670349121, -0.30291640758514404, -0.1729639619588852], [0.5432596206665039, -0.5105084776878357, -0.2633917033672333], [-0.7628254890441895, -0.2809995710849762, -0.181026890873909], [0.545905351638794, -0.5207768082618713, -0.30397671461105347], [-0.7815803289413452, -0.2940477430820465, -0.21889439225196838], [0.49336355924606323, -0.514707088470459, -0.27001315355300903], [-0.7318422198295593, -0.30113163590431213, -0.19514049589633942], [0.11067350208759308, -0.02155182883143425, -0.014130632393062115], [-0.11167339980602264, 0.021228361874818802, 0.015282491222023964], [0.13631583750247955, 0.3700169622898102, -0.07857487350702286], [-0.058671947568655014, 0.4205082058906555, -0.0242135152220726], [0.2309335470199585, 0.6377711892127991, 0.07970601320266724], [-0.011828724294900894, 0.6780297160148621, 0.21973571181297302], [0.24839825928211212, 0.6718990206718445, 0.08651894330978394], [-0.006638561841100454, 0.714688241481781, 0.2405409812927246], [0.26691752672195435, 0.701431930065155, -0.02639254555106163], [-0.029692737385630608, 0.7466642260551453, 0.136532261967659]]
FRAME: 6 r_wrist_index: {[0.999698,0.014930,0.019536,],[-0.015172,0.999809,0.012307,],[-0.019349,-0.012600,0.999733,]}, r_wrist_thumb: {[0.999703,0.011464,0.021519,],[-0.011782,0.999822,0.014716,],[-0.021347,-0.014965,0.999660,]}, r_elbow_wrist: {[0.999963,0.008448,0.001829,],[-0.008454,0.999959,0.003336,],[-0.001801,-0.003351,0.999993,]}, l_hip_should: {[0.999969,-0.007850,0.000776,],[0.007841,0.999913,0.010567,],[-0.000859,-0.010560,0.999944,]}, rl_should: {[0.999961,-0.004764,-0.007428,],[0.004777,0.999987,0.001636,],[0.007420,-0.001672,0.999971,]}, r_should_elbow: {[0.999979,-0.005910,0.002790,],[0.005912,0.999982,-0.000531,],[-0.002787,0.000548,0.999996,]}, l_wrist_pinky: {[0.999648,-0.020722,-0.016587,],[0.020936,0.999698,0.012865,],[0.016316,-0.013208,0.999780,]}, r_wrist_pinky: {[0.999782,0.016306,0.013064,],[-0.016384,0.999848,0.005885,],[-0.012966,-0.006098,0.999897,]}, r_hip_knee: {[0.999953,-0.009611,0.001056,],[0.009617,0.999938,-0.005667,],[-0.001002,0.005677,0.999983,]}, r_knee_ankle: {[0.999972,-0.003777,-0.006441,],[0.003699,0.999919,-0.012140,],[0.006486,0.012116,0.999906,]}, r_ankle_heel: {[0.999984,0.004123,-0.003836,],[-0.004169,0.999918,-0.012094,],[0.003785,0.012110,0.999919,]}, r_ankle_foot: {[0.999899,-0.009950,0.010112,],[0.009898,0.999937,0.005195,],[-0.010163,-0.005094,0.999935,]}, lr_hip: {[0.999999,0.001010,-0.000302,],[-0.001010,1.000000,0.000192,],[0.000302,-0.000192,1.000000,]}, l_hip_knee: {[0.999979,0.006353,0.001059,],[-0.006367,0.999881,0.014062,],[-0.000970,-0.014068,0.999901,]}, l_knee_ankle: {[0.999943,0.010110,0.003530,],[-0.010027,0.999692,-0.022717,],[-0.003759,0.022680,0.999736,]}, l_wrist_index: {[0.999822,-0.010882,-0.015447,],[0.011031,0.999893,0.009618,],[0.015341,-0.009786,0.999834,]}, l_ankle_heel: {[0.999988,0.004863,-0.001106,],[-0.004886,0.999744,-0.022088,],[0.000999,0.022093,0.999755,]}, l_ankle_foot: {[0.999942,0.007722,-0.007531,],[-0.007762,0.999956,-0.005269,],[0.007490,0.005327,0.999958,]}, r_hip_should: {[0.999991,-0.003511,0.002322,],[0.003495,0.999971,0.006704,],[-0.002346,-0.006696,0.999975,]}, l_should_elbow: {[0.999989,0.000242,-0.004561,],[-0.000241,1.000000,0.000200,],[0.004561,-0.000199,0.999989,]}, l_elbow_wrist: {[0.999979,-0.005378,-0.003446,],[0.005387,0.999982,0.002491,],[0.003432,-0.002510,0.999991,]}, l_wrist_thumb: {[0.999958,-0.004283,-0.008047,],[0.004354,0.999952,0.008788,],[0.008009,-0.008822,0.999929,]}
FRAME: 7 r_wrist_index: {[0.994295,-0.036096,0.100367,],[0.040336,0.998363,-0.040541,],[-0.098740,0.044358,0.994124,]}, r_wrist_thumb: {[0.997335,-0.046220,0.056445,],[0.049578,0.996989,-0.059616,],[-0.053519,0.062255,0.996624,]}, r_elbow_wrist: {[0.999056,0.021913,0.037502,],[-0.022063,0.999750,0.003587,],[-0.037414,-0.004411,0.999290,]}, l_hip_should: {[0.999697,-0.022376,0.010263,],[0.021577,0.997155,0.072226,],[-0.011850,-0.071983,0.997335,]}, rl_should: {[0.999765,-0.016451,0.014145,],[0.016533,0.999847,-0.005667,],[-0.014050,0.005900,0.999884,]}, r_should_elbow: {[0.999233,0.001592,0.039114,],[-0.001578,0.999999,-0.000391,],[-0.039114,0.000329,0.999235,]}, l_wrist_pinky: {[0.996293,0.044534,-0.073602,],[-0.043221,0.998878,0.019341,],[0.074381,-0.016088,0.997100,]}, r_wrist_pinky: {[0.992760,-0.058660,0.104814,],[0.059688,0.998195,-0.006692,],[-0.104232,0.012900,0.994469,]}, r_hip_knee: {[0.999308,-0.036933,0.004478,],[0.037006,0.999162,-0.017481,],[-0.003829,0.017635,0.999837,]}, r_knee_ankle: {[0.999542,-0.023556,-0.018995,],[0.023455,0.999710,-0.005511,],[0.019119,0.005063,0.999804,]}, r_ankle_heel: {[0.999952,0.002107,-0.009538,],[-0.002320,0.999745,-0.022439,],[0.009488,0.022460,0.999703,]}, r_ankle_foot: {[0.998106,-0.017083,-0.059102,],[0.006302,0.984010,-0.178000,],[0.061198,0.177290,0.982254,]}, lr_hip: {[0.999991,0.003328,0.002792,],[-0.003328,0.999994,-0.000109,],[-0.002793,0.000100,0.999996,]}, l_hip_knee: {[0.999987,0.003348,0.003906,],[-0.003469,0.999501,0.031407,],[-0.003799,-0.031420,0.999499,]}, l_knee_ankle: {[0.999867,0.015699,0.004372,],[-0.015516,0.999107,-0.039288,],[-0.004985,0.039215,0.999218,]}, l_wrist_index: {[0.996022,0.041241,-0.078993,],[-0.043770,0.998574,-0.030564,],[0.077619,0.033900,0.996407,]}, l_ankle_heel: {[0.999941,0.010229,-0.003555,],[-0.010402,0.998561,-0.052614,],[0.003011,0.052648,0.998609,]}, l_ankle_foot: {[0.992253,0.085564,-0.090070,],[-0.095736,0.988690,-0.115442,],[0.079173,0.123170,0.989222,]}, r_hip_should: {[0.999379,-0.010707,0.033564,],[0.007980,0.996734,0.080362,],[-0.034315,-0.080044,0.996200,]}, l_should_elbow: {[0.990626,-0.132940,0.031410,],[0.133403,0.990975,-0.013118,],[-0.029382,0.017186,0.999421,]}, l_elbow_wrist: {[0.996565,-0.082747,-0.003392,],[0.082815,0.996009,0.033279,],[0.000625,-0.033446,0.999440,]}, l_wrist_thumb: {[0.998075,0.027653,-0.055520,],[-0.030965,0.997736,-0.059693,],[0.053743,0.061298,0.996672,]}
FRAME: 8 r_wrist_index: {[0.970174,-0.065545,0.233381,],[0.085770,0.993289,-0.077585,],[-0.226730,0.095288,0.969285,]}, r_wrist_thumb: {[0.965814,-0.091014,0.242734,],[0.123840,0.984578,-0.123574,],[-0.227744,0.149410,0.962190,]}, r_elbow_wrist: {[0.996320,0.035699,0.077926,],[-0.036020,0.999347,0.002716,],[-0.077778,-0.005513,0.996956,]}, l_hip_should: {[0.998929,-0.041031,0.021369,],[0.037331,0.987752,0.151501,],[-0.027323,-0.150541,0.988226,]}, rl_should: {[0.999008,-0.042849,0.012152,],[0.042944,0.999048,-0.007645,],[-0.011813,0.008159,0.999897,]}, r_should_elbow: {[0.997730,-0.016944,0.065176,],[0.017092,0.999852,-0.001722,],[-0.065137,0.002832,0.997872,]}, l_wrist_pinky: {[0.988958,0.106125,-0.103437,],[-0.104881,0.994332,0.017410,],[0.104698,-0.006369,0.994484,]}, r_wrist_pinky: {[0.962187,-0.124829,0.242104,],[0.129692,0.991545,-0.004190,],[-0.239534,0.035431,0.970241,]}, r_hip_knee: {[0.998496,-0.054421,0.006595,],[0.054635,0.997774,-0.038239,],[-0.004499,0.038542,0.999247,]}, r_knee_ankle: {[0.999027,-0.035050,-0.026756,],[0.034978,0.999383,-0.003132,],[0.026849,0.002193,0.999637,]}, r_ankle_heel: {[0.999819,0.008368,-0.017116,],[-0.009121,0.998970,-0.044445,],[0.016726,0.044593,0.998865,]}, r_ankle_foot: {[0.957168,-0.127939,-0.259734,],[-0.099305,0.697596,-0.709576,],[0.271972,0.704976,0.655011,]}, lr_hip: {[0.999890,0.008167,0.012368,],[-0.008151,0.999966,-0.001382,],[-0.012379,0.001281,0.999923,]}, l_hip_knee: {[0.999913,0.000689,0.013155,],[-0.001948,0.995392,0.095867,],[-0.013029,-0.095884,0.995307,]}, l_knee_ankle: {[0.999238,0.038981,0.001914,],[-0.038419,0.991080,-0.127612,],[-0.006872,0.127441,0.991822,]}, l_wrist_index: {[0.986670,0.127191,-0.101514,],[-0.137309,0.985485,-0.099827,],[0.087344,0.112435,0.989813,]}, l_ankle_heel: {[0.999539,0.027107,-0.013664,],[-0.028917,0.987192,-0.156892,],[0.009236,0.157215,0.987521,]}, l_ankle_foot: {[0.910798,0.195026,-0.363884,],[-0.384786,0.720424,-0.576999,],[0.149621,0.665548,0.731204,]}, r_hip_should: {[0.997699,-0.029495,0.061045,],[0.019877,0.988097,0.152544,],[-0.064818,-0.150979,0.986410,]}, l_should_elbow: {[0.965521,-0.247883,0.079518,],[0.250125,0.968018,-0.019448,],[-0.072154,0.038667,0.996644,]}, l_elbow_wrist: {[0.987148,-0.153786,0.043449,],[0.151078,0.986702,0.059947,],[-0.052091,-0.052613,0.997255,]}, l_wrist_thumb: {[0.990393,0.087247,-0.107279,],[-0.107019,0.974923,-0.195121,],[0.087565,0.204727,0.974894,]}
FRAME: 9 r_wrist_index: {[0.945702,-0.073111,0.316705,],[0.107083,0.990058,-0.091204,],[-0.306888,0.120165,0.944129,]}, r_wrist_thumb: {[0.929840,-0.104345,0.352859,],[0.165306,0.975190,-0.147233,],[-0.328741,0.195232,0.924020,]}, r_elbow_wrist: {[0.997370,0.021072,0.069353,],[-0.021004,0.999778,-0.001719,],[-0.069374,0.000257,0.997591,]}, l_hip_should: {[0.997850,-0.062781,0.018789,],[0.058755,0.984074,0.167770,],[-0.029022,-0.166306,0.985647,]}, rl_should: {[0.997951,-0.062877,0.011879,],[0.062991,0.997969,-0.009490,],[-0.011259,0.010219,0.999884,]}, r_should_elbow: {[0.998267,-0.026953,0.052308,],[0.027108,0.999630,-0.002261,],[-0.052228,0.003675,0.998628,]}, l_wrist_pinky: {[0.989615,0.102485,-0.100788,],[-0.101277,0.994712,0.017048,],[0.102002,-0.006663,0.994762,]}, r_wrist_pinky: {[0.950792,-0.152977,0.269430,],[0.160286,0.987057,-0.005201,],[-0.265147,0.048131,0.963006,]}, r_hip_knee: {[0.997588,-0.068857,0.008742,],[0.069181,0.996597,-0.044826,],[-0.005626,0.045322,0.998957,]}, r_knee_ankle: {[0.998148,-0.043663,-0.042349,],[0.042053,0.998385,-0.038189,],[0.043948,0.036337,0.998373,]}, r_ankle_heel: {[0.999234,0.003530,-0.038963,],[-0.006939,0.996123,-0.087700,],[0.038502,0.087904,0.995385,]}, r_ankle_foot: {[0.935471,-0.216481,-0.279339,],[-0.140567,0.497285,-0.856124,],[0.324246,0.840145,0.434766,]}, lr_hip: {[0.999782,0.009768,0.018472,],[-0.009725,0.999950,-0.002402,],[-0.018495,0.002221,0.999827,]}, l_hip_knee: {[0.999847,-0.003882,0.017040,],[0.001788,0.992622,0.121236,],[-0.017385,-0.121187,0.992478,]}, l_knee_ankle: {[0.998850,0.047936,-0.000606,],[-0.047374,0.985044,-0.165665,],[-0.007344,0.165503,0.986182,]}, l_wrist_index: {[0.988095,0.137289,-0.069431,],[-0.144375,0.983368,-0.110200,],[0.053147,0.118912,0.991481,]}, l_ankle_heel: {[0.999465,0.022172,-0.024033,],[-0.026556,0.979235,-0.200982,],[0.019078,0.201513,0.979300,]}, l_ankle_foot: {[0.904111,0.153974,-0.398591,],[-0.418404,0.508333,-0.752685,],[0.086723,0.847283,0.524013,]}, r_hip_should: {[0.996768,-0.052390,0.060901,],[0.041588,0.985118,0.166770,],[-0.068732,-0.163698,0.984113,]}, l_should_elbow: {[0.957532,-0.275131,0.086226,],[0.277816,0.960413,-0.020627,],[-0.077137,0.043706,0.996062,]}, l_elbow_wrist: {[0.982597,-0.176336,0.058377,],[0.172240,0.982632,0.069043,],[-0.069538,-0.057787,0.995904,]}, l_wrist_thumb: {[0.989131,0.093133,-0.113783,],[-0.115499,0.971015,-0.209259,],[0.090996,0.220126,0.971218,]}
FRAME: 10 r_wrist_index: {[0.939681,-0.086554,0.330920,],[0.127564,0.986337,-0.104248,],[-0.317376,0.140173,0.937883,]}, r_wrist_thumb: {[0.920942,-0.116730,0.371806,],[0.189639,0.967737,-0.165901,],[-0.340444,0.223294,0.913366,]}, r_elbow_wrist: {[0.998244,0.020261,0.055672,],[-0.020297,0.999794,0.000090,],[-0.055659,-0.001220,0.998449,]}, l_hip_should: {[0.997263,-0.072195,0.015919,],[0.068579,0.983820,0.165516,],[-0.027610,-0.163972,0.986078,]}, rl_should: {[0.997608,-0.068954,0.004904,],[0.068993,0.997583,-0.008307,],[-0.004320,0.008626,0.999953,]}, r_should_elbow: {[0.998151,-0.029844,0.052946,],[0.030015,0.999546,-0.002431,],[-0.052849,0.004015,0.998594,]}, l_wrist_pinky: {[0.991221,0.107607,-0.076819,],[-0.107613,0.994184,0.004082,],[0.076812,0.004221,0.997037,]}, r_wrist_pinky: {[0.953397,-0.167198,0.251155,],[0.175496,0.984420,-0.010846,],[-0.245429,0.054417,0.967886,]}, r_hip_knee: {[0.997122,-0.075195,0.009721,],[0.075572,0.996026,-0.047129,],[-0.006139,0.047728,0.998842,]}, r_knee_ankle: {[0.997141,-0.053643,-0.053220,],[0.050798,0.997279,-0.053430,],[0.055941,0.050574,0.997152,]}, r_ankle_heel: {[0.998646,-0.013390,-0.050260,],[0.008385,0.995103,-0.098490,],[0.051333,0.097935,0.993868,]}, r_ankle_foot: {[0.946774,-0.216514,-0.238203,],[-0.089714,0.533191,-0.841224,],[0.309145,0.817820,0.485387,]}, lr_hip: {[0.999768,0.010184,0.018974,],[-0.010139,0.999946,-0.002451,],[-0.018998,0.002258,0.999817,]}, l_hip_knee: {[0.999785,-0.007685,0.019261,],[0.005006,0.990772,0.135447,],[-0.020124,-0.135321,0.990597,]}, l_knee_ankle: {[0.998921,0.046427,-0.000933,],[-0.045963,0.985662,-0.162350,],[-0.006618,0.162218,0.986733,]}, l_wrist_index: {[0.988950,0.134916,-0.061452,],[-0.141000,0.984020,-0.108738,],[0.045799,0.116201,0.992169,]}, l_ankle_heel: {[0.999501,0.017923,-0.026020,],[-0.022795,0.979322,-0.201021,],[0.021879,0.201514,0.979241,]}, l_ankle_foot: {[0.922258,0.140585,-0.360106,],[-0.379986,0.500935,-0.777608,],[0.071069,0.853991,0.515411,]}, r_hip_should: {[0.996535,-0.061813,0.055650,],[0.052158,0.985614,0.160761,],[-0.064787,-0.157301,0.985423,]}, l_should_elbow: {[0.963000,-0.258157,0.077375,],[0.260404,0.965285,-0.020346,],[-0.069436,0.039742,0.996794,]}, l_elbow_wrist: {[0.983613,-0.169977,0.060105,],[0.165976,0.983899,0.066288,],[-0.070405,-0.055225,0.995989,]}, l_wrist_thumb: {[0.988806,0.091612,-0.117774,],[-0.114642,0.971667,-0.206689,],[0.095502,0.217877,0.971292,]}
FRAME: 11 r_wrist_index: {[0.930043,-0.088508,0.356631,],[0.135187,0.984904,-0.108116,],[-0.341678,0.148765,0.927968,]}, r_wrist_thumb: {[0.913408,-0.120032,0.388945,],[0.199912,0.964638,-0.171780,],[-0.354572,0.234660,0.905104,]}, r_elbow_wrist: {[0.999275,0.021229,0.031591,],[-0.021372,0.999763,0.004219,],[-0.031494,-0.004891,0.999492,]}, l_hip_should: {[0.995546,-0.093187,0.014314,],[0.088825,0.977964,0.188935,],[-0.031605,-0.186822,0.981885,]}, rl_should: {[0.996524,-0.077692,0.030071,],[0.078181,0.996820,-0.015422,],[-0.028777,0.017719,0.999429,]}, r_should_elbow: {[0.998328,-0.039205,0.042485,],[0.039370,0.999220,-0.003055,],[-0.042332,0.004722,0.999092,]}, l_wrist_pinky: {[0.990090,0.121825,-0.069857,],[-0.122345,0.992482,-0.003201,],[0.068942,0.011716,0.997552,]}, r_wrist_pinky: {[0.949494,-0.181055,0.256281,],[0.190570,0.981593,-0.012576,],[-0.249286,0.060780,0.966520,]}, r_hip_knee: {[0.996343,-0.084698,0.011225,],[0.085145,0.995189,-0.048460,],[-0.007066,0.049239,0.998762,]}, r_knee_ankle: {[0.996316,-0.060829,-0.060449,],[0.057032,0.996404,-0.062666,],[0.064043,0.058988,0.996202,]}, r_ankle_heel: {[0.998405,-0.020055,-0.052778,],[0.014779,0.995025,-0.098519,],[0.054491,0.097582,0.993735,]}, r_ankle_foot: {[0.939840,-0.270273,-0.208933,],[-0.081064,0.417690,-0.904966,],[0.331857,0.867460,0.370652,]}, lr_hip: {[0.999646,0.008790,0.025127,],[-0.008696,0.999955,-0.003850,],[-0.025160,0.003630,0.999677,]}, l_hip_knee: {[0.999742,-0.007630,0.021405,],[0.004300,0.988449,0.151491,],[-0.022314,-0.151360,0.988227,]}, l_knee_ankle: {[0.998583,0.053180,0.002089,],[-0.052042,0.983922,-0.170848,],[-0.011141,0.170497,0.985295,]}, l_wrist_index: {[0.979083,0.189369,-0.074404,],[-0.198860,0.967994,-0.153110,],[0.043029,0.164704,0.985404,]}, l_ankle_heel: {[0.999426,0.007142,-0.033115,],[-0.014049,0.976882,-0.213316,],[0.030825,0.213659,0.976422,]}, l_ankle_foot: {[0.918424,0.114096,-0.378787,],[-0.394371,0.339420,-0.853970,],[0.031133,0.933689,0.356728,]}, r_hip_should: {[0.993912,-0.090636,0.062635,],[0.076715,0.977397,0.197003,],[-0.079075,-0.190999,0.978400,]}, l_should_elbow: {[0.962054,-0.252229,0.104080,],[0.255342,0.966692,-0.017533,],[-0.096191,0.043444,0.994414,]}, l_elbow_wrist: {[0.981041,-0.164739,0.102078,],[0.158911,0.985289,0.062869,],[-0.110933,-0.045456,0.992788,]}, l_wrist_thumb: {[0.987641,0.124161,-0.095653,],[-0.145935,0.951091,-0.272267,],[0.057169,0.282861,0.957456,]}
FRAME: 12 r_wrist_index: {[0.927616,-0.089556,0.362640,],[0.137859,0.984376,-0.109540,],[-0.347164,0.151605,0.925469,]}, r_wrist_thumb: {[0.898824,-0.120320,0.421472,],[0.210644,0.961838,-0.174635,],[-0.384375,0.245747,0.889867,]}, r_elbow_wrist: {[0.998130,0.004182,0.060984,],[-0.003750,0.999967,-0.007189,],[-0.061012,0.006947,0.998113,]}, l_hip_should: {[0.992989,-0.117926,0.008096,],[0.114175,0.974621,0.192559,],[-0.030599,-0.190284,0.981252,]}, rl_should: {[0.996855,-0.079114,0.004586,],[0.079154,0.996820,-0.009235,],[-0.003840,0.009569,0.999947,]}, r_should_elbow: {[0.994087,-0.045057,0.098794,],[0.045563,0.998957,-0.002873,],[-0.098561,0.007357,0.995104,]}, l_wrist_pinky: {[0.980502,0.184493,-0.067657,],[-0.186339,0.982238,-0.022028,],[0.062391,0.034206,0.997465,]}, r_wrist_pinky: {[0.954015,-0.191004,0.231024,],[0.200706,0.979467,-0.019020,],[-0.222647,0.064514,0.972762,]}, r_hip_knee: {[0.995157,-0.097401,0.013237,],[0.097896,0.994217,-0.044135,],[-0.008862,0.045217,0.998938,]}, r_knee_ankle: {[0.994485,-0.081373,-0.066166,],[0.079748,0.996454,-0.026836,],[0.068115,0.021411,0.997448,]}, r_ankle_heel: {[0.996723,-0.053327,-0.060819,],[0.047861,0.994966,-0.088047,],[0.065208,0.084848,0.994258,]}, r_ankle_foot: {[0.956058,-0.195860,-0.218155,],[-0.059001,0.600345,-0.797562,],[0.287178,0.775387,0.562408,]}, lr_hip: {[0.999788,0.006668,0.019495,],[-0.006611,0.999974,-0.002985,],[-0.019514,0.002855,0.999806,]}, l_hip_knee: {[0.998393,-0.051384,0.023913,],[0.047323,0.987978,0.147175,],[-0.031188,-0.145807,0.988821,]}, l_knee_ankle: {[0.996685,0.072271,0.037351,],[-0.068401,0.993012,-0.096167,],[-0.044040,0.093293,0.994664,]}, l_wrist_index: {[0.972464,0.153307,-0.175530,],[-0.175093,0.977677,-0.116145,],[0.153806,0.143681,0.977599,]}, l_ankle_heel: {[0.999219,0.035649,-0.017036,],[-0.038312,0.979609,-0.197227,],[0.009658,0.197725,0.980210,]}, l_ankle_foot: {[0.858537,0.194299,-0.474513,],[-0.494468,0.558656,-0.665887,],[0.135709,0.806320,0.575701,]}, r_hip_should: {[0.992970,-0.104803,0.055020,],[0.092730,0.977646,0.188705,],[-0.073567,-0.182277,0.980491,]}, l_should_elbow: {[0.970424,-0.228657,0.077416,],[0.230690,0.972855,-0.018308,],[-0.071128,0.035626,0.996831,]}, l_elbow_wrist: {[0.989890,-0.130225,0.056215,],[0.127506,0.990600,0.049532,],[-0.062137,-0.041863,0.997189,]}, l_wrist_thumb: {[0.982849,0.088962,-0.161532,],[-0.122256,0.970116,-0.209589,],[0.138059,0.225742,0.964355,]}
FRAME: 13 r_wrist_index: {[0.942295,-0.089936,0.322479,],[0.130535,0.985704,-0.106525,],[-0.308288,0.142473,0.940564,]}, r_wrist_thumb: {[0.920696,-0.121730,0.370810,],[0.197225,0.964990,-0.172908,],[-0.336780,0.232329,0.912471,]}, r_elbow_wrist: {[0.998275,-0.004658,0.058530,],[0.005274,0.999932,-0.010374,],[-0.058478,0.010664,0.998232,]}, l_hip_should: {[0.992742,-0.120237,0.002409,],[0.118329,0.980172,0.158937,],[-0.021472,-0.157498,0.987286,]}, rl_should: {[0.996661,-0.081544,-0.004147,],[0.081512,0.996646,-0.007328,],[0.004731,0.006966,0.999965,]}, r_should_elbow: {[0.996550,-0.039663,0.072903,],[0.039978,0.999196,-0.002867,],[-0.072730,0.005771,0.997335,]}, l_wrist_pinky: {[0.997415,0.071597,0.006028,],[-0.071430,0.997147,-0.024386,],[-0.007757,0.023892,0.999684,]}, r_wrist_pinky: {[0.960107,-0.177725,0.215890,],[0.186104,0.982347,-0.018957,],[-0.208710,0.058379,0.976234,]}, r_hip_knee: {[0.995562,-0.093265,0.012570,],[0.093614,0.995129,-0.030881,],[-0.009628,0.031921,0.999444,]}, r_knee_ankle: {[0.996056,-0.072036,-0.051791,],[0.072386,0.997365,0.004906,],[0.051301,-0.008636,0.998646,]}, r_ankle_heel: {[0.998106,-0.046286,-0.040523,],[0.044389,0.997930,-0.046536,],[0.042593,0.044649,0.998094,]}, r_ankle_foot: {[0.996264,-0.040432,-0.076304,],[0.018618,0.963404,-0.267408,],[0.084324,0.264988,0.960557,]}, lr_hip: {[0.999999,0.000249,-0.001605,],[-0.000249,1.000000,0.000346,],[0.001606,-0.000345,0.999999,]}, l_hip_knee: {[0.997487,-0.066793,0.023611,],[0.063059,0.989006,0.133759,],[-0.032285,-0.131934,0.990733,]}, l_knee_ankle: {[0.999374,0.025230,0.024811,],[-0.025428,0.999647,0.007699,],[-0.024608,-0.008325,0.999662,]}, l_wrist_index: {[0.996022,0.065189,-0.060751,],[-0.068331,0.996350,-0.051159,],[0.057194,0.055106,0.996841,]}, l_ankle_heel: {[1.000000,-0.000255,0.000697,],[0.000251,0.999989,0.004731,],[-0.000698,-0.004731,0.999989,]}, l_ankle_foot: {[0.957881,0.201704,-0.204400,],[-0.202734,0.979101,0.016113,],[0.203378,0.026005,0.978755,]}, r_hip_should: {[0.993941,-0.100358,0.044825,],[0.091993,0.982753,0.160415,],[-0.060151,-0.155319,0.986031,]}, l_should_elbow: {[0.978912,-0.190660,0.073348,],[0.192302,0.981206,-0.015950,],[-0.068928,0.029719,0.997179,]}, l_elbow_wrist: {[0.989917,-0.118461,0.077655,],[0.115340,0.992372,0.043524,],[-0.082219,-0.034128,0.996030,]}, l_wrist_thumb: {[0.997280,0.047360,-0.056479,],[-0.052946,0.993385,-0.101894,],[0.051280,0.104608,0.993191,]}
FRAME: 14 r_wrist_index: {[0.959787,-0.087717,0.266673,],[0.118084,0.987953,-0.100029,],[-0.254686,0.127497,0.958582,]}, r_wrist_thumb: {[0.944860,-0.117817,0.305545,],[0.173900,0.971129,-0.163300,],[-0.277484,0.207430,0.938070,]}, r_elbow_wrist: {[0.997598,-0.021725,0.065781,],[0.022969,0.999570,-0.018213,],[-0.065357,0.019680,0.997668,]}, l_hip_should: {[0.989114,-0.146987,-0.006946,],[0.146500,0.979205,0.140340,],[-0.013827,-0.139830,0.990079,]}, rl_should: {[0.995081,-0.099025,-0.002692,],[0.098996,0.995043,-0.009483,],[0.003618,0.009170,0.999951,]}, r_should_elbow: {[0.998052,-0.031038,0.054118,],[0.031218,0.999509,-0.002498,],[-0.054014,0.004182,0.998531,]}, l_wrist_pinky: {[0.997692,0.021672,-0.064346,],[-0.020341,0.999567,0.021277,],[0.064780,-0.019919,0.997701,]}, r_wrist_pinky: {[0.960478,-0.168162,0.221816,],[0.176014,0.984258,-0.015970,],[-0.215639,0.054381,0.974958,]}, r_hip_knee: {[0.995847,-0.090230,0.012115,],[0.090518,0.995560,-0.025826,],[-0.009731,0.026815,0.999593,]}, r_knee_ankle: {[0.996884,-0.065232,-0.044350,],[0.065934,0.997718,0.014543,],[0.043300,-0.017422,0.998910,]}, r_ankle_heel: {[0.998845,-0.038172,-0.029174,],[0.037357,0.998909,-0.028011,],[0.030211,0.026889,0.999182,]}, r_ankle_foot: {[0.998367,-0.022488,-0.052511,],[0.012958,0.984445,-0.175213,],[0.055635,0.174247,0.983129,]}, lr_hip: {[0.999908,-0.012467,-0.005409,],[0.012463,0.999922,-0.000624,],[0.005417,0.000557,0.999985,]}, l_hip_knee: {[0.997023,-0.073427,0.023508,],[0.069854,0.989362,0.127606,],[-0.032628,-0.125584,0.991546,]}, l_knee_ankle: {[0.999609,0.020484,0.019057,],[-0.020530,0.999787,0.002214,],[-0.019008,-0.002605,0.999816,]}, l_wrist_index: {[0.989588,0.040820,-0.138022,],[-0.044999,0.998614,-0.027290,],[0.136717,0.033217,0.990053,]}, l_ankle_heel: {[0.999957,-0.006034,-0.006981,],[0.005898,0.999794,-0.019409,],[0.007097,0.019367,0.999787,]}, l_ankle_foot: {[0.968804,0.168965,-0.181299,],[-0.184547,0.980130,-0.072709,],[0.165412,0.103899,0.980736,]}, r_hip_should: {[0.992162,-0.120160,0.034298,],[0.113897,0.982504,0.147352,],[-0.051403,-0.142291,0.988489,]}, l_should_elbow: {[0.982007,-0.164573,0.092613,],[0.166486,0.985954,-0.013273,],[-0.089128,0.028453,0.995614,]}, l_elbow_wrist: {[0.994588,-0.092185,-0.047923,],[0.094118,0.994766,0.039770,],[0.044006,-0.044065,0.998059,]}, l_wrist_thumb: {[0.995095,0.036539,-0.091922,],[-0.044089,0.995699,-0.081485,],[0.088549,0.085139,0.992426,]}
FRAME: 15 r_wrist_index: {[0.983691,-0.104320,0.146521,],[0.120432,0.987072,-0.105761,],[-0.133593,0.121682,0.983538,]}, r_wrist_thumb: {[0.963619,-0.136572,0.229755,],[0.180898,0.966048,-0.184465,],[-0.196761,0.219316,0.955607,]}, r_elbow_wrist: {[0.995278,-0.045752,0.085602,],[0.048498,0.998364,-0.030277,],[-0.084077,0.034286,0.995869,]}, l_hip_should: {[0.985665,-0.168006,-0.015469,],[0.168674,0.979201,0.112761,],[-0.003797,-0.113754,0.993502,]}, rl_should: {[0.992733,-0.116582,-0.029830,],[0.116481,0.993180,-0.005121,],[0.030223,0.001610,0.999542,]}, r_should_elbow: {[0.999267,-0.005128,0.037947,],[0.005163,0.999986,-0.000822,],[-0.037942,0.001017,0.999279,]}, l_wrist_pinky: {[0.999035,-0.043738,0.004109,],[0.043689,0.998981,0.011288,],[-0.004598,-0.011098,0.999928,]}, r_wrist_pinky: {[0.978321,-0.166678,0.122907,],[0.171758,0.984623,-0.031892,],[-0.115702,0.052311,0.991906,]}, r_hip_knee: {[0.998035,-0.062100,0.008354,],[0.062095,0.998070,0.000917,],[-0.008394,-0.000396,0.999965,]}, r_knee_ankle: {[0.999863,-0.001905,0.016420,],[0.000956,0.998338,0.057628,],[-0.016502,-0.057604,0.998203,]}, r_ankle_heel: {[0.998970,0.010293,0.044203,],[-0.013881,0.996565,0.081646,],[-0.043211,-0.082176,0.995681,]}, r_ankle_foot: {[0.995086,0.098960,0.003322,],[-0.097789,0.976939,0.189808,],[0.015538,-0.189200,0.981816,]}, lr_hip: {[0.999612,-0.023095,-0.015572,],[0.023095,0.999733,-0.000196,],[0.015573,-0.000164,0.999879,]}, l_hip_knee: {[0.997258,-0.071185,0.020230,],[0.068908,0.992903,0.096928,],[-0.026986,-0.095269,0.995086,]}, l_knee_ankle: {[0.999966,-0.007552,0.003453,],[0.007395,0.999033,0.043341,],[-0.003777,-0.043314,0.999054,]}, l_wrist_index: {[0.996038,0.022499,-0.086039,],[-0.023866,0.999604,-0.014892,],[0.085670,0.016887,0.996180,]}, l_ankle_heel: {[0.998817,-0.041992,-0.024502,],[0.042083,0.999109,0.003228,],[0.024345,-0.004255,0.999695,]}, l_ankle_foot: {[1.000000,0.000816,-0.000213,],[-0.000819,0.999943,-0.010646,],[0.000205,0.010646,0.999943,]}, r_hip_should: {[0.990146,-0.139233,0.014987,],[0.136793,0.984557,0.109250,],[-0.029967,-0.106123,0.993901,]}, l_should_elbow: {[0.986358,-0.158321,0.045076,],[0.159127,0.987146,-0.014856,],[-0.042145,0.021827,0.998873,]}, l_elbow_wrist: {[0.994910,-0.080015,-0.061252,],[0.082319,0.995953,0.036061,],[0.058118,-0.040919,0.997471,]}, l_wrist_thumb: {[0.996833,0.033709,-0.072022,],[-0.039030,0.996509,-0.073800,],[0.069282,0.076377,0.994669,]}
FRAME: 16 r_wrist_index: {[0.992683,-0.112027,0.045065,],[0.116251,0.987574,-0.105754,],[-0.032657,0.110219,0.993371,]}, r_wrist_thumb: {[0.976745,-0.125036,0.174170,],[0.154311,0.973946,-0.166182,],[-0.148853,0.189193,0.970592,]}, r_elbow_wrist: {[0.995412,-0.076339,0.057690,],[0.078651,0.996142,-0.038927,],[-0.054496,0.043286,0.997575,]}, l_hip_should: {[0.984143,-0.175898,-0.022869,],[0.177029,0.982093,0.064450,],[0.011123,-0.067477,0.997659,]}, rl_should: {[0.992761,-0.117974,-0.022530,],[0.117846,0.993008,-0.006933,],[0.023190,0.004228,0.999722,]}, r_should_elbow: {[0.999353,0.032811,0.014757,],[-0.032849,0.999457,0.002372,],[-0.014672,-0.002856,0.999888,]}, l_wrist_pinky: {[0.996650,-0.070851,0.040860,],[0.070686,0.997484,0.005455,],[-0.041144,-0.002549,0.999150,]}, r_wrist_pinky: {[0.985791,-0.162051,0.044216,],[0.163940,0.985529,-0.043079,],[-0.036595,0.049716,0.998093,]}, r_hip_knee: {[0.998486,-0.054506,0.007456,],[0.054451,0.998489,0.007353,],[-0.007846,-0.006936,0.999945,]}, r_knee_ankle: {[0.999623,0.015430,0.022706,],[-0.016218,0.999258,0.034942,],[-0.022150,-0.035297,0.999131,]}, r_ankle_heel: {[0.998746,0.012422,0.048496,],[-0.016664,0.995974,0.088079,],[-0.047207,-0.088777,0.994932,]}, r_ankle_foot: {[0.996055,0.088441,-0.007248,],[-0.086404,0.985228,0.147850,],[0.020217,-0.146640,0.988983,]}, lr_hip: {[0.999064,-0.037505,-0.021542,],[0.037489,0.999296,-0.001155,],[0.021570,0.000346,0.999767,]}, l_hip_knee: {[0.997413,-0.069253,0.019268,],[0.067272,0.993729,0.089316,],[-0.025333,-0.087789,0.995817,]}, l_knee_ankle: {[0.999863,-0.016108,-0.003800,],[0.016268,0.998777,0.046679,],[0.003043,-0.046735,0.998903,]}, l_wrist_index: {[0.999268,0.016153,-0.034667,],[-0.016576,0.999791,-0.011953,],[0.034466,0.012519,0.999327,]}, l_ankle_heel: {[0.998803,-0.043955,-0.021458,],[0.044613,0.998517,0.031202,],[0.020055,-0.032122,0.999283,]}, l_ankle_foot: {[0.999776,-0.017756,0.011527,],[0.016672,0.995970,0.088123,],[-0.013046,-0.087911,0.996043,]}, r_hip_should: {[0.988826,-0.149068,-0.001541,],[0.148807,0.986367,0.070267,],[-0.008954,-0.069711,0.997527,]}, l_should_elbow: {[0.987657,-0.152262,0.036744,],[0.152881,0.988136,-0.014663,],[-0.034075,0.020100,0.999217,]}, l_elbow_wrist: {[0.996892,-0.066670,-0.041979,],[0.067943,0.997248,0.029680,],[0.039885,-0.032440,0.998677,]}, l_wrist_thumb: {[0.998760,0.038367,-0.031718,],[-0.040823,0.995891,-0.080834,],[0.028486,0.082029,0.996223,]}
FRAME: 17 r_wrist_index: {[0.983838,-0.129476,0.123687,],[0.145083,0.981255,-0.126846,],[-0.104945,0.142741,0.984181,]}, r_wrist_thumb: {[0.960045,-0.132553,0.246461,],[0.179741,0.967103,-0.180013,],[-0.214492,0.217120,0.952288,]}, r_elbow_wrist: {[0.995915,-0.073272,0.052769,],[0.075280,0.996471,-0.037137,],[-0.049862,0.040958,0.997916,]}, l_hip_should: {[0.982087,-0.186749,-0.025102,],[0.188009,0.980050,0.064451,],[0.012565,-0.068016,0.997605,]}, rl_should: {[0.992314,-0.122193,-0.019544,],[0.122055,0.992490,-0.008078,],[0.020385,0.005630,0.999776,]}, r_should_elbow: {[0.998168,0.055117,0.024941,],[-0.055226,0.998467,0.003706,],[-0.024699,-0.005077,0.999682,]}, l_wrist_pinky: {[0.999946,0.005575,-0.008764,],[-0.005557,0.999983,0.002015,],[0.008775,-0.001966,0.999960,]}, r_wrist_pinky: {[0.974767,-0.211239,0.072158,],[0.215215,0.975150,-0.052587,],[-0.059256,0.066790,0.996006,]}, r_hip_knee: {[0.998530,-0.053702,0.007373,],[0.053639,0.998524,0.008495,],[-0.007818,-0.008087,0.999937,]}, r_knee_ankle: {[0.999780,0.011122,0.017774,],[-0.011652,0.999482,0.029985,],[-0.017431,-0.030186,0.999392,]}, r_ankle_heel: {[0.999310,0.005832,0.036668,],[-0.008424,0.997446,0.070921,],[-0.036161,-0.071181,0.996808,]}, r_ankle_foot: {[0.997646,0.068320,-0.005950,],[-0.067167,0.990937,0.116331,],[0.013844,-0.115658,0.993193,]}, lr_hip: {[0.998494,-0.050504,-0.021410,],[0.050451,0.998722,-0.003021,],[0.021535,0.001937,0.999766,]}, l_hip_knee: {[0.997064,-0.074049,0.019478,],[0.072102,0.993630,0.086601,],[-0.025767,-0.084942,0.996053,]}, l_knee_ankle: {[0.999949,-0.009938,0.002037,],[0.009831,0.998856,0.046786,],[-0.002499,-0.046764,0.998903,]}, l_wrist_index: {[0.991982,0.053236,-0.114617,],[-0.057993,0.997572,-0.038573,],[0.112285,0.044910,0.992661,]}, l_ankle_heel: {[0.998891,-0.042060,-0.021166,],[0.042595,0.998767,0.025493,],[0.020068,-0.026366,0.999451,]}, l_ankle_foot: {[0.999946,0.005571,-0.008763,],[-0.005018,0.998070,0.061893,],[0.009091,-0.061846,0.998044,]}, r_hip_should: {[0.986297,-0.164918,-0.004394,],[0.164805,0.983701,0.071910,],[-0.007537,-0.071649,0.997401,]}, l_should_elbow: {[0.984128,-0.173156,0.038848,],[0.173891,0.984628,-0.016401,],[-0.035411,0.022896,0.999111,]}, l_elbow_wrist: {[0.996328,-0.074292,-0.042567,],[0.075706,0.996596,0.032625,],[0.039998,-0.035728,0.998561,]}, l_wrist_thumb: {[0.994414,0.060002,-0.086841,],[-0.071219,0.988630,-0.132433,],[0.077907,0.137877,0.987380,]}
FRAME: 18 r_wrist_index: {[0.986708,-0.128434,0.099557,],[0.140394,0.982265,-0.124273,],[-0.081831,0.136599,0.987241,]}, r_wrist_thumb: {[0.968538,-0.137801,0.207234,],[0.177086,0.966683,-0.184838,],[-0.174858,0.215721,0.960671,]}, r_elbow_wrist: {[0.996270,-0.071715,0.047992,],[0.073474,0.996649,-0.035960,],[-0.045252,0.039352,0.998200,]}, l_hip_should: {[0.979262,-0.200520,-0.028948,],[0.201852,0.977900,0.054469,],[0.017386,-0.059182,0.998096,]}, rl_should: {[0.991368,-0.128784,-0.024599,],[0.128632,0.991663,-0.007696,],[0.025385,0.004466,0.999668,]}, r_should_elbow: {[0.998523,0.053112,0.011470,],[-0.053162,0.998577,0.004087,],[-0.011237,-0.004691,0.999926,]}, l_wrist_pinky: {[0.998079,-0.058547,0.020271,],[0.058365,0.998251,0.009453,],[-0.020789,-0.008251,0.999750,]}, r_wrist_pinky: {[0.977349,-0.202767,0.060619,],[0.205967,0.977165,-0.052211,],[-0.048648,0.063514,0.996795,]}, r_hip_knee: {[0.998706,-0.050368,0.007067,],[0.050260,0.998628,0.014686,],[-0.007797,-0.014312,0.999867,]}, r_knee_ankle: {[0.999624,0.001658,0.027375,],[-0.003920,0.996560,0.082786,],[-0.027144,-0.082862,0.996191,]}, r_ankle_heel: {[0.997712,-0.023977,0.063209,],[0.013789,0.987510,0.156950,],[-0.066183,-0.155719,0.985582,]}, r_ankle_foot: {[0.997769,0.030943,0.059150,],[-0.043079,0.975343,0.216450,],[-0.050994,-0.218515,0.974500,]}, lr_hip: {[0.997694,-0.064148,-0.022176,],[0.064057,0.997935,-0.004829,],[0.022440,0.003398,0.999742,]}, l_hip_knee: {[0.998077,-0.060546,0.013286,],[0.059951,0.997345,0.041343,],[-0.015754,-0.040467,0.999057,]}, l_knee_ankle: {[0.999507,-0.024722,-0.019361,],[0.024977,0.999603,0.013041,],[0.019031,-0.013518,0.999727,]}, l_wrist_index: {[0.996972,0.015333,-0.076231,],[-0.016101,0.999826,-0.009470,],[0.076073,0.010669,0.997045,]}, l_ankle_heel: {[0.997122,-0.067890,-0.033737,],[0.069499,0.996375,0.049061,],[0.030284,-0.051264,0.998226,]}, l_ankle_foot: {[0.992101,-0.098283,0.077952,],[0.085955,0.985213,0.148216,],[-0.091367,-0.140345,0.985878,]}, r_hip_should: {[0.984643,-0.174254,-0.010630,],[0.174578,0.982830,0.059732,],[0.000039,-0.060670,0.998158,]}, l_should_elbow: {[0.986344,-0.162295,0.028051,],[0.162779,0.986534,-0.015916,],[-0.025090,0.020265,0.999480,]}, l_elbow_wrist: {[0.996723,-0.073668,-0.033408,],[0.074731,0.996698,0.031749,],[0.030958,-0.034142,0.998937,]}, l_wrist_thumb: {[0.996642,0.045445,-0.068108,],[-0.052069,0.993738,-0.098860,],[0.063188,0.102074,0.992768,]}
FRAME: 19 r_wrist_index: {[0.988454,-0.123616,0.087628,],[0.133600,0.983851,-0.119111,],[-0.071489,0.129443,0.989006,]}, r_wrist_thumb: {[0.972066,-0.123871,0.199358,],[0.158056,0.973402,-0.165854,],[-0.173511,0.192731,0.965789,]}, r_elbow_wrist: {[0.995559,-0.083671,0.043151,],[0.085413,0.995532,-0.040244,],[-0.039591,0.043751,0.998258,]}, l_hip_should: {[0.979736,-0.198189,-0.028964,],[0.199439,0.978647,0.049738,],[0.018488,-0.054506,0.998342,]}, rl_should: {[0.991792,-0.126642,-0.017597,],[0.126500,0.991926,-0.009005,],[0.018595,0.006705,0.999805,]}, r_should_elbow: {[0.998931,0.046087,0.003579,],[-0.046101,0.998930,0.003807,],[-0.003399,-0.003968,0.999986,]}, l_wrist_pinky: {[0.996705,-0.080883,-0.006137,],[0.081016,0.996374,0.025984,],[0.004013,-0.026396,0.999644,]}, r_wrist_pinky: {[0.980461,-0.191004,0.047053,],[0.193329,0.979801,-0.051118,],[-0.036339,0.059216,0.997584,]}, r_hip_knee: {[0.998694,-0.050571,0.007315,],[0.050370,0.998406,0.025473,],[-0.008591,-0.025071,0.999649,]}, r_knee_ankle: {[0.999353,-0.004686,0.035647,],[0.000238,0.992311,0.123769,],[-0.035953,-0.123681,0.991670,]}, r_ankle_heel: {[0.996426,-0.028262,0.079599,],[0.012273,0.980806,0.194598,],[-0.083571,-0.192926,0.977648,]}, r_ankle_foot: {[0.996618,0.020815,0.079495,],[-0.040526,0.966061,0.255116,],[-0.071486,-0.257475,0.963637,]}, lr_hip: {[0.997104,-0.072622,-0.022598,],[0.072504,0.997350,-0.005965,],[0.022971,0.004309,0.999727,]}, l_hip_knee: {[0.998741,-0.049368,0.008850,],[0.049239,0.998684,0.014327,],[-0.009546,-0.013873,0.999858,]}, l_knee_ankle: {[0.998513,-0.041472,-0.035391,],[0.041810,0.999086,0.008853,],[0.034992,-0.010320,0.999334,]}, l_wrist_index: {[0.997037,-0.007332,-0.076571,],[0.008051,0.999926,0.009091,],[0.076499,-0.009680,0.997023,]}, l_ankle_heel: {[0.995199,-0.087101,-0.044631,],[0.089633,0.994269,0.058276,],[0.039299,-0.061997,0.997302,]}, l_ankle_foot: {[0.986886,-0.125754,0.101200,],[0.109217,0.981856,0.155020,],[-0.118858,-0.141934,0.982714,]}, r_hip_should: {[0.985191,-0.171163,-0.010129,],[0.171463,0.983404,0.059310,],[-0.000191,-0.060168,0.998188,]}, l_should_elbow: {[0.986414,-0.160325,0.035810,],[0.160954,0.986841,-0.015411,],[-0.032868,0.020966,0.999240,]}, l_elbow_wrist: {[0.996207,-0.078767,-0.036979,],[0.080028,0.996214,0.033952,],[0.034164,-0.036782,0.998739,]}, l_wrist_thumb: {[0.997500,0.035606,-0.061048,],[-0.040279,0.996209,-0.077107,],[0.058071,0.079373,0.995152,]}
FRAME: 20 r_wrist_index: {[0.988057,-0.127672,0.086272,],[0.137711,0.982843,-0.122696,],[-0.069127,0.133111,0.988687,]}, r_wrist_thumb: {[0.974468,-0.113506,0.193724,],[0.144073,0.977859,-0.151770,],[-0.172208,0.175806,0.969246,]}, r_elbow_wrist: {[0.992541,-0.116633,0.035491,],[0.118407,0.991558,-0.052850,],[-0.029027,0.056658,0.997972,]}, l_hip_should: {[0.979940,-0.196938,-0.030558,],[0.197884,0.979710,0.031785,],[0.023678,-0.037194,0.999027,]}, rl_should: {[0.991511,-0.127701,-0.024476,],[0.127551,0.991803,-0.007600,],[0.025246,0.004414,0.999672,]}, r_should_elbow: {[0.998395,0.050603,-0.025434,],[-0.050485,0.998711,0.005281,],[0.025668,-0.003989,0.999663,]}, l_wrist_pinky: {[0.994920,-0.098684,0.019896,],[0.098253,0.994927,0.021628,],[-0.021929,-0.019563,0.999568,]}, r_wrist_pinky: {[0.980174,-0.193737,0.041529,],[0.195788,0.979220,-0.052864,],[-0.030425,0.059947,0.997738,]}, r_hip_knee: {[0.998691,-0.050614,0.007338,],[0.050405,0.998381,0.026363,],[-0.008661,-0.025959,0.999626,]}, r_knee_ankle: {[0.999382,-0.014009,0.032236,],[0.009449,0.990459,0.137480,],[-0.033854,-0.137091,0.989980,]}, r_ankle_heel: {[0.995823,-0.062946,0.066137,],[0.047884,0.976808,0.208693,],[-0.077740,-0.204654,0.975743,]}, r_ankle_foot: {[0.996475,0.011709,0.083068,],[-0.032161,0.967872,0.249377,],[-0.077479,-0.251170,0.964837,]}, lr_hip: {[0.996677,-0.078238,-0.022684,],[0.078104,0.996922,-0.006749,],[0.023142,0.004955,0.999720,]}, l_hip_knee: {[0.999003,-0.044275,0.005700,],[0.044313,0.998994,-0.006815,],[-0.005393,0.007060,0.999961,]}, l_knee_ankle: {[0.997951,-0.049139,-0.040985,],[0.049812,0.998637,0.015574,],[0.040163,-0.017584,0.999038,]}, l_wrist_index: {[0.998269,-0.021493,-0.054738,],[0.022609,0.999547,0.019847,],[0.054286,-0.021050,0.998303,]}, l_ankle_heel: {[0.993906,-0.098309,-0.049852,],[0.101849,0.992021,0.074304,],[0.042149,-0.078929,0.995989,]}, l_ankle_foot: {[0.975694,-0.169211,0.139240,],[0.146704,0.976390,0.158558,],[-0.162782,-0.134277,0.977482,]}, r_hip_should: {[0.985527,-0.168629,-0.017314,],[0.169171,0.984888,0.037110,],[0.010795,-0.039502,0.999161,]}, l_should_elbow: {[0.985382,-0.163033,0.049418,],[0.163949,0.986354,-0.015064,],[-0.046288,0.022945,0.998665,]}, l_elbow_wrist: {[0.996463,-0.082529,-0.015842,],[0.083029,0.995967,0.034005,],[0.012972,-0.035200,0.999296,]}, l_wrist_thumb: {[0.998776,0.027490,-0.041117,],[-0.029873,0.997838,-0.058533,],[0.039419,0.059690,0.997438,]}
