[[-0.0351695716381073, -0.5694319009780884, -0.3244076371192932], [-0.029930375516414642, -0.6098358631134033, -0.3153756260871887], [-0.029880525544285774, -0.610382080078125, -0.3143303096294403], [-0.02999904565513134, -0.610464870929718, -0.314908504486084], [-0.062124013900756836, -0.6034993529319763, -0.3128286600112915], [-0.061882175505161285, -0.6041994094848633, -0.3137911260128021], [-0.06214871257543564, -0.605475664138794, -0.31314539909362793], [0.02550414204597473, -0.6180854439735413, -0.21214422583580017], [-0.12232521921396255, -0.5979943871498108, -0.20830394327640533], [-0.00736165652051568, -0.5557217001914978, -0.2824646830558777], [-0.05034533515572548, -0.5468064546585083, -0.2806413471698761], [0.15531080961227417, -0.4683164060115814, -0.1141456589102745], [-0.18468964099884033, -0.44708073139190674, -0.12364237755537033], [0.3207347095012665, -0.30090880393981934, -0.09568782895803452], [-0.32029595971107483, -0.25294122099876404, -0.0886167362332344], [0.5134099125862122, -0.1570749580860138, -0.19615480303764343], [-0.4886954128742218, -0.09556321799755096, -0.17458786070346832], [0.5650385022163391, -0.11330993473529816, -0.19743721187114716], [-0.5277599096298218, -0.054796330630779266, -0.18010562658309937], [0.5675008296966553, -0.11415685713291168, -0.2494087517261505], [-0.5379918813705444, -0.05704721808433533, -0.22425445914268494], [0.5226479172706604, -0.1461690217256546, -0.2122192531824112], [-0.4962330460548401, -0.08412793278694153, -0.19574813544750214], [0.11587263643741608, 0.002358963480219245, 0.002301124855875969], [-0.11651988327503204, -0.0026254672557115555, -0.0011359953787177801], [0.08561950922012329, 0.3907955586910248, -0.08933708071708679], [-0.09394966810941696, 0.3726988732814789, -0.047637689858675], [0.15009760856628418, 0.6998276114463806, 0.04415736347436905], [-0.05986611917614937, 0.6249880194664001, 0.18237105011940002], [0.16183464229106903, 0.7386510372161865, 0.04800936207175255], [-0.05936737731099129, 0.6605342030525208, 0.20191985368728638], [0.17606474459171295, 0.7680491805076599, -0.06992717832326889], [-0.07893311232328415, 0.6940292119979858, 0.09958233684301376]]
FRAME: 6 r_wrist_index: {[0.999678,-0.024001,0.008225,],[0.024134,0.999572,-0.016513,],[-0.007825,0.016707,0.999830,]}, r_wrist_thumb: {[0.999627,-0.015155,0.022721,],[0.015311,0.999860,-0.006673,],[-0.022617,0.007018,0.999720,]}, r_elbow_wrist: {[0.999253,-0.001893,0.038594,],[0.001195,0.999835,0.018110,],[-0.038622,-0.018050,0.999091,]}, l_hip_should: {[0.999999,0.001032,0.000318,],[-0.001032,0.999999,-0.000931,],[-0.000319,0.000930,0.999999,]}, rl_should: {[0.999993,-0.000186,0.003742,],[0.000187,1.000000,-0.000249,],[-0.003742,0.000250,0.999993,]}, r_should_elbow: {[0.999380,0.033438,0.011035,],[-0.033491,0.999428,0.004625,],[-0.010874,-0.004991,0.999928,]}, l_wrist_pinky: {[0.999548,0.029875,0.003207,],[-0.029854,0.999535,-0.006276,],[-0.003393,0.006178,0.999975,]}, r_wrist_pinky: {[0.999189,-0.024567,0.031915,],[0.023979,0.999538,0.018653,],[-0.032359,-0.017872,0.999316,]}, r_hip_knee: {[0.999993,-0.003602,-0.000598,],[0.003612,0.999817,0.018776,],[0.000531,-0.018778,0.999824,]}, r_knee_ankle: {[0.999890,-0.014719,0.001908,],[0.014633,0.999129,0.039076,],[-0.002481,-0.039043,0.999234,]}, r_ankle_heel: {[0.999752,-0.022249,-0.000592,],[0.022252,0.999738,0.005355,],[0.000473,-0.005367,0.999985,]}, r_ankle_foot: {[0.998440,-0.040165,0.038778,],[0.042562,0.997098,-0.063117,],[-0.036131,0.064669,0.997252,]}, lr_hip: {[0.999993,-0.000035,0.003848,],[0.000035,1.000000,0.000082,],[-0.003848,-0.000082,0.999993,]}, l_hip_knee: {[0.999992,-0.003872,-0.000505,],[0.003863,0.999854,-0.016641,],[0.000569,0.016639,0.999861,]}, l_knee_ankle: {[0.999995,-0.002811,-0.001242,],[0.002825,0.999934,0.011182,],[0.001210,-0.011186,0.999937,]}, l_wrist_index: {[0.999671,0.024594,0.007266,],[-0.024407,0.999395,-0.024791,],[-0.007871,0.024606,0.999666,]}, l_ankle_heel: {[0.999628,-0.023533,-0.013779,],[0.023822,0.999491,0.021224,],[0.013273,-0.021545,0.999680,]}, l_ankle_foot: {[0.999108,-0.015225,0.039377,],[0.017582,0.998031,-0.060213,],[-0.038383,0.060852,0.997408,]}, r_hip_should: {[0.999999,0.001246,0.000346,],[-0.001246,0.999999,0.000022,],[-0.000346,-0.000023,1.000000,]}, l_should_elbow: {[0.999233,-0.038188,-0.008634,],[0.038193,0.999270,0.000365,],[0.008614,-0.000694,0.999963,]}, l_elbow_wrist: {[0.999983,0.002145,-0.005392,],[-0.002132,0.999995,0.002502,],[0.005397,-0.002491,0.999982,]}, l_wrist_thumb: {[0.999923,0.011731,-0.004173,],[-0.011828,0.999640,-0.024064,],[0.003889,0.024111,0.999702,]}
FRAME: 7 r_wrist_index: {[0.998850,0.035386,0.032351,],[-0.036808,0.998332,0.044475,],[-0.030723,-0.045615,0.998487,]}, r_wrist_thumb: {[0.998616,0.035131,0.039149,],[-0.037755,0.996941,0.068429,],[-0.036625,-0.069813,0.996887,]}, r_elbow_wrist: {[0.993294,0.105521,0.047244,],[-0.108685,0.991585,0.070329,],[-0.039425,-0.074992,0.996404,]}, l_hip_should: {[1.000000,0.000927,-0.000007,],[-0.000927,0.999995,0.003024,],[0.000009,-0.003024,0.999995,]}, rl_should: {[0.999914,0.004113,0.012419,],[-0.004101,0.999991,-0.001020,],[-0.012423,0.000968,0.999922,]}, r_should_elbow: {[0.981991,0.185220,0.037242,],[-0.185524,0.982628,0.004844,],[-0.035698,-0.011666,0.999295,]}, l_wrist_pinky: {[0.995913,-0.089895,-0.008713,],[0.090032,0.995797,0.016794,],[0.007167,-0.017509,0.999821,]}, r_wrist_pinky: {[0.995717,0.035330,0.085433,],[-0.040072,0.997712,0.054444,],[-0.083314,-0.057634,0.994855,]}, r_hip_knee: {[0.999998,-0.001622,-0.001502,],[0.001657,0.999713,0.023881,],[0.001463,-0.023883,0.999714,]}, r_knee_ankle: {[0.999873,-0.015834,0.001973,],[0.015738,0.999004,0.041755,],[-0.002632,-0.041718,0.999126,]}, r_ankle_heel: {[0.999461,-0.031291,-0.009980,],[0.031044,0.999228,-0.024093,],[0.010726,0.023770,0.999660,]}, r_ankle_foot: {[0.997780,-0.047218,0.046956,],[0.050522,0.996135,-0.071852,],[-0.043382,0.074065,0.996309,]}, lr_hip: {[0.999969,0.000030,0.007863,],[-0.000032,1.000000,0.000166,],[-0.007863,-0.000166,0.999969,]}, l_hip_knee: {[0.999954,-0.009542,-0.000262,],[0.009532,0.999646,-0.024846,],[0.000499,0.024842,0.999691,]}, l_knee_ankle: {[0.999952,-0.005044,0.008351,],[0.004103,0.994030,0.109032,],[-0.008851,-0.108992,0.994003,]}, l_wrist_index: {[0.998524,-0.052607,0.013528,],[0.052043,0.997878,0.039123,],[-0.015557,-0.038362,0.999143,]}, l_ankle_heel: {[0.999775,-0.016849,-0.012908,],[0.018191,0.993528,0.112123,],[0.010936,-0.112332,0.993611,]}, l_ankle_foot: {[0.999928,-0.002279,0.011811,],[0.002600,0.999624,-0.027276,],[-0.011744,0.027305,0.999558,]}, r_hip_should: {[0.999999,-0.000298,0.001211,],[0.000288,0.999969,0.007872,],[-0.001214,-0.007872,0.999968,]}, l_should_elbow: {[0.983050,-0.181315,-0.027149,],[0.181034,0.983397,-0.012505,],[0.028965,0.007378,0.999553,]}, l_elbow_wrist: {[0.994585,-0.103859,-0.003801,],[0.103919,0.993338,0.049802,],[-0.001396,-0.049928,0.998752,]}, l_wrist_thumb: {[0.999819,-0.010843,-0.015616,],[0.011438,0.999192,0.038542,],[0.015186,-0.038714,0.999135,]}
FRAME: 8 r_wrist_index: {[0.995709,0.092384,-0.005398,],[-0.091734,0.993026,0.074057,],[0.012202,-0.073244,0.997239,]}, r_wrist_thumb: {[0.998072,0.061336,0.009474,],[-0.061916,0.994547,0.083926,],[-0.004275,-0.084351,0.996427,]}, r_elbow_wrist: {[0.982198,0.186287,0.024187,],[-0.187762,0.977524,0.095876,],[-0.005783,-0.098710,0.995099,]}, l_hip_should: {[0.999999,-0.000440,0.001374,],[0.000467,0.999811,-0.019429,],[-0.001366,0.019430,0.999810,]}, rl_should: {[0.998557,-0.001389,0.053682,],[0.001584,0.999992,-0.003583,],[-0.053677,0.003663,0.998552,]}, r_should_elbow: {[0.931807,0.347332,0.105341,],[-0.351219,0.936073,0.020313,],[-0.091552,-0.055925,0.994229,]}, l_wrist_pinky: {[0.968880,-0.247527,0.001200,],[0.247409,0.968545,0.026623,],[-0.007752,-0.025498,0.999645,]}, r_wrist_pinky: {[0.984336,0.147283,0.096901,],[-0.153717,0.986128,0.062633,],[-0.086332,-0.076547,0.993321,]}, r_hip_knee: {[0.999999,0.000318,-0.001228,],[-0.000300,0.999896,0.014404,],[0.001233,-0.014404,0.999896,]}, r_knee_ankle: {[0.999870,-0.015884,-0.002893,],[0.015933,0.999713,0.017873,],[0.002608,-0.017917,0.999836,]}, r_ankle_heel: {[0.999520,-0.028310,-0.012580,],[0.027869,0.999035,-0.033939,],[0.013529,0.033573,0.999345,]}, r_ankle_foot: {[0.997557,-0.045474,0.053027,],[0.047829,0.997885,-0.044022,],[-0.050913,0.046451,0.997622,]}, lr_hip: {[0.999676,-0.000047,0.025438,],[0.000033,1.000000,0.000540,],[-0.025438,-0.000539,0.999676,]}, l_hip_knee: {[0.999936,-0.011264,-0.001263,],[0.011190,0.998792,-0.047840,],[0.001800,0.047823,0.998854,]}, l_knee_ankle: {[0.999924,-0.005874,0.010858,],[0.004348,0.990764,0.135529,],[-0.011554,-0.135471,0.990714,]}, l_wrist_index: {[0.984027,-0.171829,0.046539,],[0.164929,0.978358,0.124957,],[-0.067003,-0.115285,0.991070,]}, l_ankle_heel: {[0.999841,-0.013597,-0.011543,],[0.015022,0.990864,0.134023,],[0.009615,-0.134175,0.990911,]}, l_ankle_foot: {[0.999713,-0.014281,0.019256,],[0.014430,0.999867,-0.007612,],[-0.019145,0.007888,0.999786,]}, r_hip_should: {[0.999999,-0.001308,0.000629,],[0.001304,0.999981,0.006039,],[-0.000637,-0.006038,0.999982,]}, l_should_elbow: {[0.924385,-0.379338,-0.040192,],[0.377767,0.924965,-0.041607,],[0.052959,0.023278,0.998325,]}, l_elbow_wrist: {[0.968696,-0.247876,0.013594,],[0.245231,0.963999,0.102800,],[-0.038586,-0.096248,0.994609,]}, l_wrist_thumb: {[0.995355,-0.081982,0.050471,],[0.074345,0.987630,0.138060,],[-0.061165,-0.133667,0.989137,]}
FRAME: 9 r_wrist_index: {[0.995936,0.089711,-0.007912,],[-0.088931,0.993519,0.070790,],[0.014211,-0.069798,0.997460,]}, r_wrist_thumb: {[0.998078,0.061404,0.008341,],[-0.061887,0.994597,0.083347,],[-0.003178,-0.083703,0.996486,]}, r_elbow_wrist: {[0.973392,0.228382,0.018717,],[-0.229024,0.966942,0.112122,],[0.007508,-0.113425,0.993518,]}, l_hip_should: {[0.999997,-0.001337,0.002230,],[0.001411,0.999444,-0.033319,],[-0.002184,0.033322,0.999442,]}, rl_should: {[0.996432,0.002320,0.084372,],[-0.001826,0.999981,-0.005936,],[-0.084384,0.005761,0.996417,]}, r_should_elbow: {[0.880522,0.454374,0.135000,],[-0.460437,0.887550,0.015899,],[-0.112595,-0.076159,0.990718,]}, l_wrist_pinky: {[0.952540,-0.304214,0.010979,],[0.303842,0.952344,0.026855,],[-0.018626,-0.022245,0.999579,]}, r_wrist_pinky: {[0.981670,0.155021,0.110872,],[-0.163309,0.984088,0.070007,],[-0.098255,-0.086831,0.991366,]}, r_hip_knee: {[0.999998,0.001922,-0.000913,],[-0.001917,0.999984,0.005258,],[0.000923,-0.005256,0.999986,]}, r_knee_ankle: {[0.999877,-0.015100,-0.004324,],[0.015139,0.999843,0.009158,],[0.004185,-0.009222,0.999949,]}, r_ankle_heel: {[0.999559,-0.025340,-0.015451,],[0.024629,0.998701,-0.044606,],[0.016561,0.044206,0.998885,]}, r_ankle_foot: {[0.997562,-0.045069,0.053278,],[0.047292,0.998030,-0.041228,],[-0.051314,0.043647,0.997728,]}, lr_hip: {[0.999032,-0.000615,0.043986,],[0.000573,0.999999,0.000954,],[-0.043986,-0.000927,0.999032,]}, l_hip_knee: {[0.999890,-0.014668,-0.002275,],[0.014450,0.996957,-0.076596,],[0.003392,0.076554,0.997060,]}, l_knee_ankle: {[0.999893,-0.001169,0.014592,],[-0.000696,0.991885,0.127136,],[-0.014622,-0.127133,0.991778,]}, l_wrist_index: {[0.973490,-0.221563,0.056808,],[0.210027,0.964243,0.161627,],[-0.090587,-0.145411,0.985216,]}, l_ankle_heel: {[0.999875,-0.012347,-0.009868,],[0.013318,0.994358,0.105240,],[0.008513,-0.105358,0.994398,]}, l_ankle_foot: {[0.999617,-0.016835,0.021962,],[0.016987,0.999833,-0.006762,],[-0.021845,0.007132,0.999736,]}, r_hip_should: {[0.999998,-0.002041,0.000002,],[0.002041,0.999992,0.003449,],[-0.000009,-0.003449,0.999994,]}, l_should_elbow: {[0.865768,-0.498313,-0.046152,],[0.495478,0.866483,-0.060906,],[0.070340,0.029863,0.997076,]}, l_elbow_wrist: {[0.943956,-0.328899,0.027785,],[0.322776,0.937418,0.130624,],[-0.069008,-0.114335,0.991043,]}, l_wrist_thumb: {[0.991109,-0.113331,0.069704,],[0.098746,0.977667,0.185518,],[-0.089173,-0.176986,0.980165,]}
FRAME: 10 r_wrist_index: {[0.996396,0.084305,-0.009323,],[-0.083515,0.994334,0.065768,],[0.014815,-0.064753,0.997791,]}, r_wrist_thumb: {[0.998226,0.059210,0.006287,],[-0.059522,0.995065,0.079390,],[-0.001556,-0.079623,0.996824,]}, r_elbow_wrist: {[0.973590,0.228194,0.007139,],[-0.227621,0.967775,0.107701,],[0.017668,-0.106482,0.994158,]}, l_hip_should: {[0.999996,-0.001851,0.001935,],[0.001910,0.999519,-0.030957,],[-0.001877,0.030961,0.999519,]}, rl_should: {[0.996246,0.006639,0.086307,],[-0.006109,0.999961,-0.006408,],[-0.086346,0.005857,0.996248,]}, r_should_elbow: {[0.877293,0.463372,0.125075,],[-0.468147,0.883592,0.010158,],[-0.105808,-0.067465,0.992095,]}, l_wrist_pinky: {[0.950333,-0.311022,0.011490,],[0.310629,0.950139,0.027308,],[-0.019410,-0.022382,0.999561,]}, r_wrist_pinky: {[0.983336,0.144062,0.110889,],[-0.152323,0.985849,0.069995,],[-0.099236,-0.085720,0.991365,]}, r_hip_knee: {[0.999993,0.003512,-0.000974,],[-0.003512,0.999994,0.000819,],[0.000977,-0.000816,0.999999,]}, r_knee_ankle: {[0.999920,-0.012168,-0.003461,],[0.012193,0.999898,0.007442,],[0.003370,-0.007483,0.999966,]}, r_ankle_heel: {[0.999683,-0.018274,-0.017307,],[0.017340,0.998463,-0.052645,],[0.018243,0.052328,0.998463,]}, r_ankle_foot: {[0.997645,-0.044925,0.051827,],[0.047283,0.997858,-0.045202,],[-0.049685,0.047546,0.997633,]}, lr_hip: {[0.998646,-0.000891,0.052002,],[0.000833,0.999999,0.001136,],[-0.052003,-0.001092,0.998646,]}, l_hip_knee: {[0.999883,-0.015171,-0.002196,],[0.014958,0.996955,-0.076528,],[0.003350,0.076486,0.997065,]}, l_knee_ankle: {[0.999831,0.001832,0.018286,],[-0.004227,0.991268,0.131799,],[-0.017885,-0.131854,0.991108,]}, l_wrist_index: {[0.973648,-0.221559,0.054041,],[0.210335,0.964001,0.162668,],[-0.088136,-0.147015,0.985200,]}, l_ankle_heel: {[0.999905,-0.010657,-0.008770,],[0.011510,0.994538,0.103740,],[0.007616,-0.103831,0.994566,]}, l_ankle_foot: {[0.999454,-0.020732,0.025720,],[0.020853,0.999773,-0.004433,],[-0.025622,0.004967,0.999659,]}, r_hip_should: {[0.999997,-0.002357,-0.000175,],[0.002358,0.999993,0.002903,],[0.000168,-0.002904,0.999996,]}, l_should_elbow: {[0.859256,-0.509032,-0.050640,],[0.506110,0.860343,-0.060518,],[0.074373,0.026371,0.996882,]}, l_elbow_wrist: {[0.942511,-0.332624,0.032153,],[0.326007,0.936351,0.130250,],[-0.073431,-0.112280,0.990960,]}, l_wrist_thumb: {[0.992127,-0.109248,0.061227,],[0.096310,0.978084,0.184598,],[-0.080052,-0.177248,0.980905,]}
FRAME: 11 r_wrist_index: {[0.996261,0.081437,0.028841,],[-0.083518,0.993262,0.080343,],[-0.022104,-0.082452,0.996350,]}, r_wrist_thumb: {[0.997279,0.032581,0.066125,],[-0.037960,0.995927,0.081779,],[-0.063191,-0.084066,0.994455,]}, r_elbow_wrist: {[0.971968,0.234975,0.008041,],[-0.234397,0.965780,0.111027,],[0.018322,-0.109800,0.993785,]}, l_hip_should: {[0.999995,-0.003018,0.000921,],[0.003037,0.999770,-0.021216,],[-0.000857,0.021219,0.999775,]}, rl_should: {[0.994342,0.009082,0.105840,],[-0.008280,0.999934,-0.008012,],[-0.105906,0.007091,0.994351,]}, r_should_elbow: {[0.841356,0.525669,0.125670,],[-0.529825,0.848107,-0.000408,],[-0.106796,-0.066240,0.992072,]}, l_wrist_pinky: {[0.938541,-0.344664,0.018647,],[0.344124,0.938534,0.027060,],[-0.026827,-0.018980,0.999460,]}, r_wrist_pinky: {[0.978934,0.158911,0.128201,],[-0.169803,0.982308,0.078980,],[-0.113382,-0.099086,0.988598,]}, r_hip_knee: {[0.999991,0.004201,-0.000628,],[-0.004205,0.999974,-0.005936,],[0.000603,0.005939,0.999982,]}, r_knee_ankle: {[0.999936,-0.010805,-0.003494,],[0.010821,0.999931,0.004518,],[0.003445,-0.004556,0.999984,]}, r_ankle_heel: {[0.999816,-0.012008,-0.014950,],[0.011306,0.998869,-0.046173,],[0.015488,0.045996,0.998822,]}, r_ankle_foot: {[0.998151,-0.040753,0.045107,],[0.042842,0.998006,-0.046350,],[-0.043128,0.048197,0.997906,]}, lr_hip: {[0.997488,-0.000946,0.070836,],[0.000839,0.999998,0.001545,],[-0.070837,-0.001482,0.997487,]}, l_hip_knee: {[0.999906,-0.013384,-0.002859,],[0.013097,0.996373,-0.084075,],[0.003974,0.084029,0.996455,]}, l_knee_ankle: {[0.999646,0.010511,0.024443,],[-0.013198,0.993563,0.112511,],[-0.023103,-0.112793,0.993350,]}, l_wrist_index: {[0.962971,-0.266291,0.042152,],[0.252706,0.945991,0.203079,],[-0.093953,-0.184907,0.978255,]}, l_ankle_heel: {[0.999992,0.003856,0.000458,],[-0.003882,0.995565,0.093994,],[-0.000093,-0.093995,0.995573,]}, l_ankle_foot: {[0.998017,-0.042291,0.046618,],[0.041985,0.999090,0.007535,],[-0.046894,-0.005562,0.998884,]}, r_hip_should: {[0.999990,-0.004203,0.001701,],[0.004173,0.999836,0.017594,],[-0.001775,-0.017587,0.999844,]}, l_should_elbow: {[0.823635,-0.567073,-0.007360,],[0.564011,0.820407,-0.093938,],[0.059308,0.073220,0.995551,]}, l_elbow_wrist: {[0.931123,-0.361582,0.047633,],[0.352578,0.925850,0.135981,],[-0.093269,-0.109821,0.989566,]}, l_wrist_thumb: {[0.991024,-0.125516,0.046014,],[0.111731,0.966656,0.230418,],[-0.073401,-0.223209,0.972003,]}
FRAME: 12 r_wrist_index: {[0.996380,0.076651,0.036772,],[-0.079394,0.993622,0.080071,],[-0.030400,-0.082700,0.996111,]}, r_wrist_thumb: {[0.996550,0.030879,0.077033,],[-0.037532,0.995548,0.086463,],[-0.074020,-0.089056,0.993272,]}, r_elbow_wrist: {[0.972156,0.234160,0.009077,],[-0.233701,0.965946,0.111053,],[0.017236,-0.110082,0.993773,]}, l_hip_should: {[0.999988,-0.004947,0.000196,],[0.004949,0.999833,-0.017584,],[-0.000109,0.017584,0.999845,]}, rl_should: {[0.993776,0.011061,0.110846,],[-0.010176,0.999912,-0.008553,],[-0.110931,0.007372,0.993801,]}, r_should_elbow: {[0.840627,0.527794,0.121573,],[-0.531497,0.847057,-0.002315,],[-0.104201,-0.062670,0.992580,]}, l_wrist_pinky: {[0.942078,-0.335080,0.014472,],[0.334596,0.941937,0.028282,],[-0.023109,-0.021801,0.999495,]}, r_wrist_pinky: {[0.979386,0.150237,0.135024,],[-0.162226,0.983289,0.082620,],[-0.120355,-0.102821,0.987392,]}, r_hip_knee: {[0.999986,0.005249,-0.000684,],[-0.005255,0.999948,-0.008778,],[0.000637,0.008782,0.999961,]}, r_knee_ankle: {[0.999980,-0.005467,-0.003283,],[0.005450,0.999972,-0.005081,],[0.003311,0.005063,0.999982,]}, r_ankle_heel: {[0.999776,0.002319,-0.021019,],[-0.003772,0.997583,-0.069382,],[0.020807,0.069445,0.997369,]}, r_ankle_foot: {[0.999287,-0.028393,0.024867,],[0.029617,0.998293,-0.050334,],[-0.023395,0.051035,0.998423,]}, lr_hip: {[0.997165,-0.000353,0.075248,],[0.000232,0.999999,0.001610,],[-0.075248,-0.001588,0.997164,]}, l_hip_knee: {[0.999977,-0.005704,-0.003677,],[0.005402,0.996979,-0.077484,],[0.004108,0.077462,0.996987,]}, l_knee_ankle: {[0.999142,0.022290,0.034916,],[-0.025792,0.994318,0.103274,],[-0.032416,-0.104086,0.994040,]}, l_wrist_index: {[0.965113,-0.259240,0.036779,],[0.247108,0.948242,0.199439,],[-0.086578,-0.183392,0.979220,]}, l_ankle_heel: {[0.999673,0.022549,0.012026,],[-0.023500,0.996032,0.085833,],[-0.010043,-0.086088,0.996237,]}, l_ankle_foot: {[0.996726,-0.052349,0.061614,],[0.052485,0.998622,-0.000594,],[-0.061498,0.003825,0.998100,]}, r_hip_should: {[0.999985,-0.004895,0.002334,],[0.004841,0.999731,0.022699,],[-0.002445,-0.022688,0.999740,]}, l_should_elbow: {[0.820886,-0.571074,0.004573,],[0.568558,0.816464,-0.100644,],[0.053741,0.085217,0.994912,]}, l_elbow_wrist: {[0.932430,-0.357056,0.055550,],[0.347752,0.928448,0.130586,],[-0.098201,-0.102445,0.989880,]}, l_wrist_thumb: {[0.992008,-0.120428,0.037655,],[0.108816,0.967600,0.227836,],[-0.063873,-0.221918,0.972971,]}
FRAME: 13 r_wrist_index: {[0.996556,0.072744,0.039797,],[-0.075688,0.994053,0.078300,],[-0.033864,-0.081042,0.996135,]}, r_wrist_thumb: {[0.996354,0.009697,0.084756,],[-0.015151,0.997839,0.063941,],[-0.083953,-0.064992,0.994348,]}, r_elbow_wrist: {[0.974332,0.223222,0.029140,],[-0.225098,0.967665,0.113820,],[-0.002791,-0.117458,0.993074,]}, l_hip_should: {[0.999974,-0.006440,-0.003225,],[0.006506,0.999757,0.021083,],[0.003088,-0.021104,0.999773,]}, rl_should: {[0.992485,0.008673,0.122062,],[-0.007613,0.999929,-0.009142,],[-0.122132,0.008144,0.992480,]}, r_should_elbow: {[0.830120,0.532616,0.164988,],[-0.541767,0.840432,0.012753,],[-0.131868,-0.099972,0.986213,]}, l_wrist_pinky: {[0.941339,-0.336789,0.021324,],[0.336267,0.941443,0.024685,],[-0.028389,-0.016066,0.999468,]}, r_wrist_pinky: {[0.982113,0.158077,0.102299,],[-0.165222,0.984075,0.065561,],[-0.090307,-0.081290,0.992591,]}, r_hip_knee: {[0.999964,0.008445,-0.000729,],[-0.008458,0.999777,-0.019329,],[0.000566,0.019334,0.999813,]}, r_knee_ankle: {[0.999968,-0.005838,-0.005482,],[0.005755,0.999870,-0.015050,],[0.005569,0.015018,0.999872,]}, r_ankle_heel: {[0.999835,0.003557,-0.017810,],[-0.004605,0.998238,-0.059156,],[0.017568,0.059228,0.998090,]}, r_ankle_foot: {[0.999723,-0.019968,0.012479,],[0.020554,0.998601,-0.048721,],[-0.011488,0.048964,0.998734,]}, lr_hip: {[0.996128,0.001112,0.087906,],[-0.001275,0.999998,0.001796,],[-0.087904,-0.001901,0.996127,]}, l_hip_knee: {[0.999949,0.008420,-0.005661,],[-0.008821,0.997143,-0.075026,],[0.005013,0.075072,0.997166,]}, l_knee_ankle: {[0.999028,0.026563,0.035185,],[-0.029220,0.996582,0.077263,],[-0.033013,-0.078216,0.996390,]}, l_wrist_index: {[0.969319,-0.245084,0.018816,],[0.236868,0.951788,0.194919,],[-0.065681,-0.184482,0.980639,]}, l_ankle_heel: {[0.999310,0.032456,0.018061,],[-0.033689,0.996778,0.072785,],[-0.015640,-0.073343,0.997184,]}, l_ankle_foot: {[0.993327,-0.070114,0.091574,],[0.072345,0.997153,-0.021267,],[-0.089823,0.027750,0.995571,]}, r_hip_should: {[0.999936,-0.007155,0.008714,],[0.006565,0.997802,0.065940,],[-0.009166,-0.065879,0.997786,]}, l_should_elbow: {[0.794641,-0.605023,0.049937,],[0.605884,0.785225,-0.127772,],[0.038094,0.131789,0.990546,]}, l_elbow_wrist: {[0.934612,-0.349383,0.066566,],[0.339865,0.932473,0.122414,],[-0.104840,-0.091786,0.990244,]}, l_wrist_thumb: {[0.993694,-0.107382,0.032258,],[0.098499,0.973496,0.206407,],[-0.053568,-0.201928,0.977934,]}
FRAME: 14 r_wrist_index: {[0.998406,0.052588,0.020497,],[-0.053612,0.997147,0.053132,],[-0.017645,-0.054146,0.998377,]}, r_wrist_thumb: {[0.997855,-0.014942,0.063730,],[0.013801,0.999737,0.018318,],[-0.063987,-0.017399,0.997799,]}, r_elbow_wrist: {[0.973570,0.224403,0.042491,],[-0.227944,0.966326,0.119395,],[-0.014268,-0.125925,0.991937,]}, l_hip_should: {[0.999947,-0.008851,-0.005336,],[0.009055,0.999176,0.039564,],[0.004981,-0.039610,0.999203,]}, rl_should: {[0.992473,0.008668,0.122160,],[-0.007607,0.999929,-0.009149,],[-0.122231,0.008151,0.992468,]}, r_should_elbow: {[0.826762,0.533001,0.179927,],[-0.544522,0.838553,0.018011,],[-0.141278,-0.112865,0.983515,]}, l_wrist_pinky: {[0.952412,-0.302928,0.033843,],[0.302636,0.953010,0.013554,],[-0.036359,-0.002667,0.999335,]}, r_wrist_pinky: {[0.988472,0.134189,0.070111,],[-0.137713,0.989304,0.048098,],[-0.062907,-0.057199,0.996379,]}, r_hip_knee: {[0.999972,0.007442,-0.000201,],[-0.007445,0.999714,-0.022711,],[0.000031,0.022712,0.999742,]}, r_knee_ankle: {[0.999948,-0.007561,-0.006826,],[0.007435,0.999805,-0.018268,],[0.006963,0.018216,0.999810,]}, r_ankle_heel: {[0.999853,0.002695,-0.016904,],[-0.003638,0.998423,-0.056015,],[0.016727,0.056069,0.998287,]}, r_ankle_foot: {[0.999811,-0.019351,0.001623,],[0.019418,0.996927,-0.075890,],[-0.000149,0.075907,0.997115,]}, lr_hip: {[0.995215,0.001688,0.097699,],[-0.001889,0.999996,0.001961,],[-0.097695,-0.002136,0.995214,]}, l_hip_knee: {[0.999912,0.011882,-0.005838,],[-0.012260,0.997488,-0.069761,],[0.004994,0.069827,0.997547,]}, l_knee_ankle: {[0.998764,0.033541,0.036669,],[-0.035115,0.998451,0.043148,],[-0.035165,-0.044382,0.998396,]}, l_wrist_index: {[0.976342,-0.215440,0.018463,],[0.209197,0.962736,0.171392,],[-0.054700,-0.163475,0.985030,]}, l_ankle_heel: {[0.999248,0.033901,0.018816,],[-0.034356,0.999112,0.024411,],[-0.017972,-0.025039,0.999525,]}, l_ankle_foot: {[0.992887,-0.049038,0.108493,],[0.062121,0.990744,-0.120695,],[-0.101571,0.126577,0.986743,]}, r_hip_should: {[0.999905,-0.008659,0.010745,],[0.007758,0.996665,0.081234,],[-0.011413,-0.081143,0.996637,]}, l_should_elbow: {[0.789063,-0.610013,0.072551,],[0.613652,0.777225,-0.139112,],[0.028472,0.154289,0.987615,]}, l_elbow_wrist: {[0.931061,-0.354069,0.088091,],[0.343531,0.932037,0.115301,],[-0.122928,-0.077091,0.989417,]}, l_wrist_thumb: {[0.995261,-0.090856,0.034656,],[0.083702,0.981837,0.170265,],[-0.049497,-0.166557,0.984789,]}
FRAME: 15 r_wrist_index: {[0.995281,0.045255,0.085837,],[-0.051976,0.995617,0.077755,],[-0.081942,-0.081850,0.993270,]}, r_wrist_thumb: {[0.988984,-0.021601,0.146440,],[0.012428,0.997919,0.063264,],[-0.147502,-0.060747,0.987194,]}, r_elbow_wrist: {[0.972276,0.230117,0.041549,],[-0.233523,0.964736,0.121459,],[-0.012134,-0.127795,0.991726,]}, l_hip_should: {[0.999897,-0.011901,-0.007968,],[0.012369,0.998029,0.061522,],[0.007220,-0.061614,0.998074,]}, rl_should: {[0.992396,0.007186,0.122880,],[-0.006120,0.999940,-0.009057,],[-0.122938,0.008236,0.992380,]}, r_should_elbow: {[0.824337,0.534074,0.187704,],[-0.546912,0.836939,0.020526,],[-0.146135,-0.119578,0.982011,]}, l_wrist_pinky: {[0.959482,-0.278246,0.044434,],[0.278340,0.960474,0.004192,],[-0.043844,0.008345,0.999004,]}, r_wrist_pinky: {[0.983768,0.114048,0.138543,],[-0.126551,0.988308,0.085042,],[-0.127224,-0.101195,0.986698,]}, r_hip_knee: {[0.999991,0.003937,0.001540,],[-0.003885,0.999455,-0.032785,],[-0.001668,0.032778,0.999461,]}, r_knee_ankle: {[0.999860,-0.014402,-0.008564,],[0.014287,0.999808,-0.013375,],[0.008755,0.013251,0.999874,]}, r_ankle_heel: {[0.999860,-0.001446,-0.016689,],[0.000536,0.998519,-0.054398,],[0.016743,0.054381,0.998380,]}, r_ankle_foot: {[0.999847,-0.015669,-0.007829,],[0.014945,0.996242,-0.085319,],[0.009136,0.085189,0.996323,]}, lr_hip: {[0.994619,0.002144,0.103574,],[-0.002369,0.999995,0.002050,],[-0.103569,-0.002284,0.994620,]}, l_hip_knee: {[0.999876,0.014533,-0.006001,],[-0.014900,0.997687,-0.066320,],[0.005023,0.066401,0.997780,]}, l_knee_ankle: {[0.998749,0.033496,0.037122,],[-0.035205,0.998304,0.046372,],[-0.035506,-0.047621,0.998234,]}, l_wrist_index: {[0.978344,-0.206267,0.017245,],[0.200710,0.965740,0.164504,],[-0.050586,-0.157481,0.986226,]}, l_ankle_heel: {[0.999259,0.033649,0.018683,],[-0.034180,0.999000,0.028839,],[-0.017693,-0.029456,0.999409,]}, l_ankle_foot: {[0.996748,-0.029565,0.074960,],[0.037282,0.993906,-0.103735,],[-0.071436,0.106192,0.991776,]}, r_hip_should: {[0.999851,-0.010687,0.013572,],[0.009241,0.994691,0.102492,],[-0.014595,-0.102351,0.994641,]}, l_should_elbow: {[0.791374,-0.605833,0.081813,],[0.610900,0.778672,-0.143074,],[0.022973,0.163205,0.986325,]}, l_elbow_wrist: {[0.928848,-0.358950,0.091629,],[0.348050,0.930265,0.116051,],[-0.126896,-0.075902,0.989008,]}, l_wrist_thumb: {[0.995644,-0.088469,0.029430,],[0.082235,0.982015,0.169954,],[-0.043937,-0.166793,0.985012,]}
FRAME: 16 r_wrist_index: {[0.993165,0.051627,0.104682,],[-0.061352,0.993875,0.091915,],[-0.099296,-0.097710,0.990249,]}, r_wrist_thumb: {[0.985690,-0.016309,0.167777,],[0.001992,0.996366,0.085152,],[-0.168556,-0.083600,0.982140,]}, r_elbow_wrist: {[0.973292,0.226402,0.038003,],[-0.229357,0.966097,0.118541,],[-0.009877,-0.124092,0.992222,]}, l_hip_should: {[0.999849,-0.014746,-0.009210,],[0.015331,0.997638,0.066963,],[0.008201,-0.067094,0.997713,]}, rl_should: {[0.993404,0.005778,0.114519,],[-0.004855,0.999954,-0.008333,],[-0.114562,0.007722,0.993386,]}, r_should_elbow: {[0.825765,0.535555,0.176898,],[-0.546533,0.837277,0.016399,],[-0.139330,-0.110222,0.984093,]}, l_wrist_pinky: {[0.953784,-0.298449,0.034985,],[0.298197,0.954425,0.012334,],[-0.037072,-0.001332,0.999312,]}, r_wrist_pinky: {[0.977673,0.123032,0.170346,],[-0.141671,0.984652,0.101934,],[-0.155190,-0.123792,0.980098,]}, r_hip_knee: {[0.999990,0.003785,0.002263,],[-0.003688,0.999134,-0.041437,],[-0.002418,0.041429,0.999139,]}, r_knee_ankle: {[0.999863,-0.014394,-0.008207,],[0.014299,0.999830,-0.011606,],[0.008373,0.011487,0.999899,]}, r_ankle_heel: {[0.999899,-0.001049,-0.014189,],[0.000391,0.998929,-0.046265,],[0.014222,0.046255,0.998828,]}, r_ankle_foot: {[0.999864,-0.014465,-0.007970,],[0.013775,0.996645,-0.080676,],[0.009111,0.080555,0.996708,]}, lr_hip: {[0.994117,0.002412,0.108286,],[-0.002658,0.999994,0.002125,],[-0.108280,-0.002401,0.994118,]}, l_hip_knee: {[0.999824,0.017669,-0.006246,],[-0.018028,0.997838,-0.063192,],[0.005116,0.063293,0.997982,]}, l_knee_ankle: {[0.998901,0.031355,0.034831,],[-0.032898,0.998462,0.044624,],[-0.033378,-0.045720,0.998397,]}, l_wrist_index: {[0.976787,-0.214106,0.006787,],[0.209651,0.962006,0.174902,],[-0.043977,-0.169419,0.984562,]}, l_ankle_heel: {[0.999285,0.033054,0.018344,],[-0.033603,0.998970,0.030497,],[-0.017317,-0.031092,0.999367,]}, l_ankle_foot: {[0.997015,-0.030723,0.070829,],[0.037072,0.995239,-0.090143,],[-0.067722,0.092500,0.993407,]}, r_hip_should: {[0.999845,-0.012031,0.012830,],[0.010679,0.994861,0.100682,],[-0.013976,-0.100529,0.994836,]}, l_should_elbow: {[0.793557,-0.603671,0.076479,],[0.607985,0.781451,-0.140317,],[0.024941,0.157848,0.987148,]}, l_elbow_wrist: {[0.931174,-0.354823,0.083766,],[0.344362,0.931457,0.117488,],[-0.119712,-0.080556,0.989535,]}, l_wrist_thumb: {[0.995213,-0.093383,0.028833,],[0.086692,0.979707,0.180717,],[-0.045124,-0.177352,0.983112,]}
FRAME: 17 r_wrist_index: {[0.993342,0.072238,0.089744,],[-0.081240,0.991556,0.101079,],[-0.081685,-0.107696,0.990823,]}, r_wrist_thumb: {[0.988243,0.001052,0.152889,],[-0.016198,0.995069,0.097854,],[-0.152032,-0.099180,0.983387,]}, r_elbow_wrist: {[0.975794,0.215337,0.038156,],[-0.218336,0.969206,0.113883,],[-0.012458,-0.119457,0.992761,]}, l_hip_should: {[0.999801,-0.017388,-0.009793,],[0.017991,0.997705,0.065281,],[0.008635,-0.065445,0.997819,]}, rl_should: {[0.993997,0.004128,0.109325,],[-0.003293,0.999964,-0.007818,],[-0.109354,0.007411,0.993975,]}, r_should_elbow: {[0.830972,0.530703,0.166850,],[-0.540165,0.841446,0.013812,],[-0.133065,-0.101604,0.985886,]}, l_wrist_pinky: {[0.944096,-0.328473,0.028089,],[0.328008,0.944464,0.019949,],[-0.033082,-0.009621,0.999406,]}, r_wrist_pinky: {[0.972249,0.153069,0.176925,],[-0.173149,0.979370,0.104185,],[-0.157327,-0.131928,0.978695,]}, r_hip_knee: {[0.999989,0.004072,0.002322,],[-0.003968,0.999058,-0.043218,],[-0.002496,0.043209,0.999063,]}, r_knee_ankle: {[0.999859,-0.014743,-0.008019,],[0.014663,0.999843,-0.009967,],[0.008165,0.009848,0.999918,]}, r_ankle_heel: {[0.999865,-0.004318,-0.015826,],[0.003508,0.998698,-0.050901,],[0.016025,0.050838,0.998578,]}, r_ankle_foot: {[0.999954,-0.009545,0.001110,],[0.009579,0.999304,-0.036055,],[-0.000765,0.036064,0.999349,]}, lr_hip: {[0.993936,0.002442,0.109937,],[-0.002695,0.999994,0.002156,],[-0.109931,-0.002439,0.993936,]}, l_hip_knee: {[0.999790,0.019455,-0.006447,],[-0.019819,0.997857,-0.062366,],[0.005219,0.062480,0.998033,]}, l_knee_ankle: {[0.999126,0.028486,0.030574,],[-0.029528,0.998980,0.034166,],[-0.029570,-0.035039,0.998948,]}, l_wrist_index: {[0.970977,-0.239141,0.003909,],[0.233764,0.952349,0.195923,],[-0.050576,-0.189323,0.980612,]}, l_ankle_heel: {[0.999217,0.034569,0.019224,],[-0.035210,0.998800,0.034042,],[-0.018024,-0.034692,0.999236,]}, l_ankle_foot: {[0.995452,-0.052372,0.079574,],[0.056056,0.997422,-0.044791,],[-0.077023,0.049048,0.995822,]}, r_hip_should: {[0.999854,-0.012389,0.011789,],[0.011213,0.995413,0.095016,],[-0.012912,-0.094870,0.995406,]}, l_should_elbow: {[0.799604,-0.596818,0.066643,],[0.599878,0.788644,-0.134862,],[0.027931,0.147814,0.988621,]}, l_elbow_wrist: {[0.936605,-0.342168,0.075441,],[0.332650,0.935974,0.115310,],[-0.110066,-0.082905,0.990461,]}, l_wrist_thumb: {[0.994021,-0.105499,0.028135,],[0.097494,0.973617,0.206313,],[-0.049159,-0.202336,0.978082,]}
FRAME: 18 r_wrist_index: {[0.993255,0.067100,0.094561,],[-0.076477,0.992114,0.099304,],[-0.087152,-0.105866,0.990554,]}, r_wrist_thumb: {[0.988111,0.000176,0.153741,],[-0.015314,0.995139,0.097287,],[-0.152976,-0.098485,0.983310,]}, r_elbow_wrist: {[0.974518,0.221650,0.034432,],[-0.224173,0.967722,0.115156,],[-0.007796,-0.119940,0.992750,]}, l_hip_should: {[0.999743,-0.019566,-0.011434,],[0.020390,0.996817,0.077068,],[0.009889,-0.077282,0.996960,]}, rl_should: {[0.993867,0.003705,0.110518,],[-0.002853,0.999965,-0.007863,],[-0.110543,0.007500,0.993843,]}, r_should_elbow: {[0.828090,0.535461,0.165975,],[-0.544720,0.838525,0.012532,],[-0.132464,-0.100787,0.986050,]}, l_wrist_pinky: {[0.949706,-0.312595,0.018532,],[0.312150,0.949743,0.023469,],[-0.024937,-0.016504,0.999553,]}, r_wrist_pinky: {[0.971370,0.137971,0.193400,],[-0.161811,0.980287,0.113377,],[-0.173945,-0.141426,0.974547,]}, r_hip_knee: {[0.999990,0.003592,0.002612,],[-0.003470,0.998973,-0.045178,],[-0.002772,0.045168,0.998976,]}, r_knee_ankle: {[0.999846,-0.015489,-0.008264,],[0.015409,0.999834,-0.009693,],[0.008413,0.009564,0.999919,]}, r_ankle_heel: {[0.999852,-0.006551,-0.015917,],[0.005737,0.998698,-0.050687,],[0.016228,0.050588,0.998588,]}, r_ankle_foot: {[0.999902,-0.012664,0.005923,],[0.012868,0.999274,-0.035858,],[-0.005464,0.035931,0.999339,]}, lr_hip: {[0.993552,0.002302,0.113352,],[-0.002572,0.999994,0.002233,],[-0.113346,-0.002510,0.993552,]}, l_hip_knee: {[0.999800,0.018995,-0.006266,],[-0.019341,0.997968,-0.060704,],[0.005101,0.060813,0.998136,]}, l_knee_ankle: {[0.999113,0.027642,0.031763,],[-0.029136,0.998443,0.047578,],[-0.030399,-0.048461,0.998362,]}, l_wrist_index: {[0.973877,-0.227033,-0.004315,],[0.223716,0.956046,0.189546,],[-0.038907,-0.185560,0.981862,]}, l_ankle_heel: {[0.999311,0.032449,0.018027,],[-0.033345,0.998098,0.051847,],[-0.016310,-0.052413,0.998492,]}, l_ankle_foot: {[0.995579,-0.054506,0.076496,],[0.057015,0.997892,-0.031010,],[-0.074644,0.035234,0.996588,]}, r_hip_should: {[0.999821,-0.013318,0.013411,],[0.011810,0.994204,0.106858,],[-0.014756,-0.106681,0.994184,]}, l_should_elbow: {[0.794536,-0.604660,0.055665,],[0.606195,0.784541,-0.130473,],[0.035220,0.137409,0.989888,]}, l_elbow_wrist: {[0.937469,-0.342040,0.064503,],[0.332977,0.935265,0.120025,],[-0.101380,-0.091042,0.990673,]}, l_wrist_thumb: {[0.995040,-0.097953,0.017339,],[0.092511,0.975277,0.200691,],[-0.036568,-0.198092,0.979501,]}
FRAME: 19 r_wrist_index: {[0.993563,0.075372,0.084565,],[-0.083809,0.991338,0.101116,],[-0.076212,-0.107552,0.991274,]}, r_wrist_thumb: {[0.989502,0.008867,0.144249,],[-0.023808,0.994480,0.102185,],[-0.142547,-0.104546,0.984251,]}, r_elbow_wrist: {[0.975026,0.219401,0.034452,],[-0.221935,0.968351,0.114201,],[-0.008306,-0.118995,0.992860,]}, l_hip_should: {[0.999719,-0.020538,-0.011851,],[0.021408,0.996670,0.078676,],[0.010195,-0.078908,0.996830,]}, rl_should: {[0.994167,0.003535,0.107792,],[-0.002726,0.999967,-0.007659,],[-0.107816,0.007320,0.994144,]}, r_should_elbow: {[0.830628,0.533167,0.160589,],[-0.541658,0.840526,0.011058,],[-0.129084,-0.096169,0.986959,]}, l_wrist_pinky: {[0.945777,-0.324396,0.016547,],[0.323926,0.945727,0.025931,],[-0.024061,-0.019165,0.999527,]}, r_wrist_pinky: {[0.970216,0.145497,0.193679,],[-0.169402,0.979033,0.113125,],[-0.173159,-0.142565,0.974521,]}, r_hip_knee: {[0.999989,0.003742,0.002656,],[-0.003615,0.998923,-0.046264,],[-0.002826,0.046254,0.998926,]}, r_knee_ankle: {[0.999844,-0.015573,-0.008330,],[0.015491,0.999831,-0.009858,],[0.008483,0.009727,0.999917,]}, r_ankle_heel: {[0.999862,-0.007130,-0.015016,],[0.006409,0.998848,-0.047560,],[0.015338,0.047457,0.998756,]}, r_ankle_foot: {[0.999855,-0.011868,0.012200,],[0.012049,0.999817,-0.014863,],[-0.012022,0.015008,0.999815,]}, lr_hip: {[0.993308,0.002202,0.115474,],[-0.002482,0.999994,0.002282,],[-0.115468,-0.002554,0.993308,]}, l_hip_knee: {[0.999785,0.019744,-0.006326,],[-0.020089,0.997995,-0.060020,],[0.005129,0.060135,0.998177,]}, l_knee_ankle: {[0.999166,0.026436,0.031104,],[-0.027996,0.998314,0.050840,],[-0.029708,-0.051668,0.998222,]}, l_wrist_index: {[0.971266,-0.237809,-0.009471,],[0.234851,0.951219,0.200068,],[-0.038569,-0.196544,0.979736,]}, l_ankle_heel: {[0.999303,0.032613,0.018143,],[-0.033724,0.997333,0.064729,],[-0.015984,-0.065296,0.997738,]}, l_ankle_foot: {[0.995917,-0.058420,0.068819,],[0.058597,0.998282,-0.000553,],[-0.068668,0.004583,0.997629,]}, r_hip_should: {[0.999824,-0.013256,0.013264,],[0.011779,0.994314,0.105831,],[-0.014591,-0.105657,0.994296,]}, l_should_elbow: {[0.798180,-0.600736,0.044994,],[0.601123,0.789342,-0.124859,],[0.039492,0.126707,0.991154,]}, l_elbow_wrist: {[0.938998,-0.339053,0.057669,],[0.330473,0.935937,0.121696,],[-0.095236,-0.095215,0.990891,]}, l_wrist_thumb: {[0.994680,-0.102333,0.011814,],[0.097423,0.971764,0.214905,],[-0.033472,-0.212611,0.976564,]}
FRAME: 20 r_wrist_index: {[0.993383,0.079863,0.082531,],[-0.088263,0.990684,0.103710,],[-0.073480,-0.110308,0.991178,]}, r_wrist_thumb: {[0.989775,0.011048,0.142206,],[-0.025989,0.994275,0.103643,],[-0.140247,-0.106279,0.984396,]}, r_elbow_wrist: {[0.974765,0.220551,0.034501,],[-0.223086,0.968026,0.114712,],[-0.008098,-0.119514,0.992800,]}, l_hip_should: {[0.999716,-0.020751,-0.011752,],[0.021595,0.996805,0.076899,],[0.010119,-0.077130,0.996970,]}, rl_should: {[0.994491,0.003188,0.104773,],[-0.002423,0.999970,-0.007419,],[-0.104794,0.007124,0.994468,]}, r_should_elbow: {[0.834907,0.527464,0.157199,],[-0.535545,0.844435,0.010953,],[-0.126967,-0.093332,0.987506,]}, l_wrist_pinky: {[0.942032,-0.335402,-0.009013,],[0.335480,0.941140,0.041336,],[-0.005382,-0.041964,0.999105,]}, r_wrist_pinky: {[0.969328,0.150488,0.194311,],[-0.174543,0.978123,0.113184,],[-0.173027,-0.143628,0.974388,]}, r_hip_knee: {[0.999989,0.004245,0.002185,],[-0.004149,0.999105,-0.042095,],[-0.002362,0.042085,0.999111,]}, r_knee_ankle: {[0.999901,-0.013091,-0.005188,],[0.013096,0.999914,0.000786,],[0.005177,-0.000854,0.999986,]}, r_ankle_heel: {[0.999970,-0.003569,-0.006895,],[0.003419,0.999761,-0.021585,],[0.006970,0.021560,0.999743,]}, r_ankle_foot: {[0.999889,-0.006070,0.013633,],[0.005885,0.999890,0.013587,],[-0.013714,-0.013505,0.999815,]}, lr_hip: {[0.993172,0.001987,0.116643,],[-0.002273,0.999995,0.002321,],[-0.116638,-0.002570,0.993171,]}, l_hip_knee: {[0.999785,0.019695,-0.006504,],[-0.020065,0.997831,-0.062691,],[0.005255,0.062808,0.998012,]}, l_knee_ankle: {[0.999212,0.025614,0.030315,],[-0.027132,0.998341,0.050785,],[-0.028964,-0.051567,0.998249,]}, l_wrist_index: {[0.969849,-0.242255,-0.026566,],[0.242341,0.947136,0.210250,],[-0.025772,-0.210348,0.977287,]}, l_ankle_heel: {[0.999292,0.032879,0.018303,],[-0.034015,0.997261,0.065677,],[-0.016094,-0.066253,0.997673,]}, l_ankle_foot: {[0.995344,-0.063215,0.072761,],[0.063105,0.998000,0.003803,],[-0.072856,0.000807,0.997342,]}, r_hip_should: {[0.999839,-0.012669,0.012742,],[0.011312,0.994778,0.101432,],[-0.013960,-0.101271,0.994761,]}, l_should_elbow: {[0.804638,-0.591740,0.048999,],[0.592710,0.795550,-0.125681,],[0.035390,0.130170,0.990860,]}, l_elbow_wrist: {[0.941077,-0.336965,0.028771,],[0.330458,0.934313,0.133627,],[-0.071909,-0.116245,0.990614,]}, l_wrist_thumb: {[0.994578,-0.103844,0.005516,],[0.099978,0.969453,0.223977,],[-0.028606,-0.222211,0.974579,]}
