[[-0.871807, -1.004028, -0.091635], [-0.868156, -1.075018, -0.074993], [-0.759203, -0.954043, -0.168614], [-1.000827, -0.942095, -0.075842], [-0.866282, -1.145203, -0.026783], [-0.867687, -1.375352, 0.150939], [-0.747090, -1.480674, 0.212327], [-0.998408, -1.466914, 0.213656], [-0.598348, -1.444434, 0.210527], [-0.289858, -1.385612, 0.344428], [-0.381895, -1.338143, 0.740722], [-0.518119, -1.276620, 0.785197], [-0.537750, -1.273629, 0.798115], [-0.558899, -1.270451, 0.815033], [-0.607191, -1.266441, 0.854559], [-0.530043, -1.367797, 0.855567], [-0.562577, -1.396241, 0.874330], [-0.578500, -1.389992, 0.897576], [-0.592208, -1.349709, 0.941922], [-0.491319, -1.385138, 0.875868], [-0.526249, -1.407092, 0.903160], [-0.546459, -1.403136, 0.929484], [-0.564783, -1.382165, 0.964343], [-0.445396, -1.387170, 0.883512], [-0.469705, -1.395156, 0.907787], [-0.488437, -1.394007, 0.930692], [-0.516994, -1.384957, 0.969811], [-0.405526, -1.377922, 0.878251], [-0.423921, -1.380278, 0.905874], [-0.442269, -1.381721, 0.929754], [-0.478391, -1.386857, 0.975453], [-1.135016, -1.401341, 0.191767], [-1.361889, -1.332724, -0.053949], [-1.716105, -1.138578, 0.013960], [-1.769480, -1.045098, 0.126799], [-1.780175, -1.033002, 0.144135], [-1.800218, -1.016500, 0.152478], [-1.848610, -0.980729, 0.169479], [-1.875918, -1.080800, 0.098449], [-1.920274, -1.075789, 0.113517], [-1.934621, -1.050919, 0.116450], [-1.938001, -0.989679, 0.112519], [-1.884904, -1.089348, 0.053078], [-1.929927, -1.074818, 0.067526], [-1.949492, -1.048169, 0.072434], [-1.962521, -1.005526, 0.074024], [-1.873327, -1.093058, 0.008092], [-1.902425, -1.075217, 0.016981], [-1.921825, -1.053521, 0.022433], [-1.949567, -1.013471, 0.029791], [-1.848494, -1.093620, -0.024860], [-1.872614, -1.071440, -0.019092], [-1.894469, -1.051340, -0.013866], [-1.938660, -1.014596, -0.003066], [-0.706346, -0.486281, -0.146370], [-0.880919, -0.301045, -0.633662], [-0.923500, -0.092548, -0.667197], [-0.916228, -0.022542, -0.601064], [-0.994940, -0.718200, 0.338798], [-1.036286, -0.179612, 0.236549], [-1.034936, -0.018770, 0.379856], [-1.014975, -0.019336, 0.474347]]
FRAME: 6 l_knee_foot: {[0.994085,0.105132,0.027233,],[0.004169,0.213634,-0.976905,],[-0.108521,0.971240,0.211933,]}, l_hip_knee: {[-0.268575,-0.944015,-0.191581,],[0.935816,-0.208575,-0.284158,],[0.228291,-0.255602,0.939442,]}, r_knee_foot: {[0.999746,0.019787,-0.010818,],[-0.012693,0.097274,-0.995177,],[-0.018639,0.995061,0.097501,]}, r_hip_knee: {[-0.564168,-0.824353,-0.046426,],[0.801298,-0.533098,-0.271528,],[0.199086,-0.190388,0.961310,]}, l_elbow_hand: {[-0.148562,-0.388048,-0.909587,],[-0.070569,0.921609,-0.381651,],[0.986382,0.007489,-0.164300,]}, l_should_elbow: {[-0.804226,-0.317480,-0.502422,],[-0.217672,0.943971,-0.248068,],[0.553028,-0.090140,-0.828272,]}, r_elbow_hand: {[-0.552110,0.752206,0.359668,],[0.000197,-0.431257,0.902229,],[0.833771,0.498201,0.237953,]}, r_should_elbow: {[-0.655972,0.276365,-0.702370,],[-0.023338,0.922684,0.384850,],[0.754425,0.268843,-0.598805,]}, l_spine_should: {[-0.919442,0.272052,-0.283928,],[-0.371968,-0.367530,0.852386,],[0.127541,0.889331,0.439117,]}, r_spine_should: {[-0.973915,-0.178919,0.139564,],[-0.154399,0.973233,0.170230,],[-0.166286,0.144241,-0.975471,]}, hip_spine: {[0.951117,0.223083,0.213564,],[0.138727,-0.926452,0.349918,],[0.275917,-0.303186,-0.912112,]}
FRAME: 7 l_knee_foot: {[0.993957,0.106107,0.028107,],[0.004083,0.220145,-0.975459,],[-0.109690,0.969679,0.218381,]}, l_hip_knee: {[-0.268809,-0.940806,-0.206459,],[0.934987,-0.203379,-0.290579,],[0.231389,-0.271147,0.934312,]}, r_knee_foot: {[0.999272,0.037966,-0.003652,],[-0.008327,0.123740,-0.992280,],[-0.037221,0.991588,0.123967,]}, r_hip_knee: {[-0.563656,-0.823706,-0.061644,],[0.801533,-0.527396,-0.281777,],[0.199591,-0.208235,0.957498,]}, l_elbow_hand: {[-0.131871,-0.349322,-0.927677,],[-0.040809,0.936969,-0.347020,],[0.990426,-0.007904,-0.137815,]}, l_should_elbow: {[-0.802839,-0.302112,-0.513983,],[-0.132236,0.930864,-0.340596,],[0.581346,-0.205477,-0.787284,]}, r_elbow_hand: {[-0.548548,0.755986,0.357184,],[0.019496,-0.415512,0.909379,],[0.835892,0.505802,0.213190,]}, r_should_elbow: {[-0.658776,0.266954,-0.703385,],[-0.045344,0.919142,0.391308,],[0.750972,0.289678,-0.593404,]}, l_spine_should: {[-0.927383,0.261228,-0.267806,],[-0.345016,-0.320407,0.882215,],[0.144652,0.910549,0.387268,]}, r_spine_should: {[-0.979680,-0.155292,0.126932,],[-0.090472,0.906978,0.411346,],[-0.179004,0.391504,-0.902598,]}, hip_spine: {[0.960255,0.202986,0.191588,],[0.126837,-0.928762,0.348302,],[0.248640,-0.310159,-0.917595,]}
FRAME: 8 l_knee_foot: {[0.994531,0.101026,0.026476,],[0.002782,0.227799,-0.973704,],[-0.104401,0.968453,0.226272,]}, l_hip_knee: {[-0.275287,-0.935104,-0.223152,],[0.932305,-0.203038,-0.299305,],[0.234573,-0.290441,0.927696,]}, r_knee_foot: {[0.999048,0.043613,-0.001318,],[-0.007060,0.131757,-0.991257,],[-0.043058,0.990322,0.131940,]}, r_hip_knee: {[-0.564886,-0.822311,-0.068611,],[0.800632,-0.526066,-0.286781,],[0.199729,-0.216930,0.955536,]}, l_elbow_hand: {[-0.143705,-0.333813,-0.931621,],[-0.030854,0.942446,-0.332933,],[0.989139,-0.019100,-0.145734,]}, l_should_elbow: {[-0.805225,-0.282152,-0.521539,],[-0.018236,0.890905,-0.453823,],[0.592689,-0.355919,-0.722524,]}, r_elbow_hand: {[-0.554802,0.746928,0.366459,],[0.031212,-0.421469,0.906305,],[0.831396,0.514259,0.210519,]}, r_should_elbow: {[-0.644726,0.265326,-0.716889,],[-0.057224,0.918445,0.391388,],[0.762269,0.293361,-0.576962,]}, l_spine_should: {[-0.932306,0.267819,-0.243062,],[-0.293462,-0.167371,0.941205,],[0.211391,0.948820,0.234636,]}, r_spine_should: {[-0.987983,-0.110020,0.108557,],[0.002264,0.691981,0.721912,],[-0.154544,0.713483,-0.683417,]}, hip_spine: {[0.978823,0.153882,0.135001,],[0.095159,-0.925939,0.365488,],[0.181245,-0.344902,-0.920974,]}
FRAME: 9 l_knee_foot: {[0.993767,0.107566,0.029276,],[0.004037,0.227720,-0.973718,],[-0.111405,0.967767,0.225866,]}, l_hip_knee: {[-0.274138,-0.933534,-0.231005,],[0.932219,-0.198946,-0.302306,],[0.236255,-0.298221,0.924796,]}, r_knee_foot: {[0.998763,0.049697,0.001399,],[-0.005801,0.144439,-0.989497,],[-0.049377,0.988265,0.144548,]}, r_hip_knee: {[-0.565689,-0.820982,-0.077368,],[0.800013,-0.523640,-0.292884,],[0.199939,-0.227577,0.953013,]}, l_elbow_hand: {[-0.148464,-0.302539,-0.941503,],[-0.009085,0.952431,-0.304618,],[0.988876,-0.036671,-0.144150,]}, l_should_elbow: {[-0.807490,-0.273370,-0.522713,],[0.029306,0.866447,-0.498409,],[0.589153,-0.417779,-0.691636,]}, r_elbow_hand: {[-0.548758,0.753797,0.361461,],[0.057679,-0.397210,0.915913,],[0.833989,0.523464,0.174494,]}, r_should_elbow: {[-0.645264,0.269032,-0.715022,],[-0.047511,0.919998,0.389032,],[0.762481,0.284999,-0.580860,]}, l_spine_should: {[-0.934874,0.264766,-0.236453,],[-0.281769,-0.148332,0.947947,],[0.215911,0.952836,0.213275,]}, r_spine_should: {[-0.988176,-0.102148,0.114339,],[0.025669,0.624998,0.780204,],[-0.151158,0.773914,-0.614986,]}, hip_spine: {[0.984400,0.133928,0.114103,],[0.084131,-0.927877,0.363270,],[0.154526,-0.348004,-0.924670,]}
FRAME: 10 l_knee_foot: {[0.993753,0.107525,0.029903,],[0.003641,0.236558,-0.971610,],[-0.111546,0.965649,0.234689,]}, l_hip_knee: {[-0.276725,-0.932797,-0.230895,],[0.931494,-0.201351,-0.302945,],[0.236096,-0.298910,0.924614,]}, r_knee_foot: {[0.998762,0.049710,0.001639,],[-0.005894,0.151008,-0.988515,],[-0.049387,0.987282,0.151114,]}, r_hip_knee: {[-0.568044,-0.819078,-0.080231,],[0.798365,-0.524745,-0.295391,],[0.199847,-0.231848,0.952002,]}, l_elbow_hand: {[-0.118743,-0.311188,-0.942901,],[-0.012697,0.950018,-0.311938,],[0.992844,-0.025069,-0.116759,]}, l_should_elbow: {[-0.784401,-0.282637,-0.552116,],[0.020936,0.877572,-0.478987,],[0.619901,-0.387277,-0.682451,]}, r_elbow_hand: {[-0.569880,0.725359,0.386124,],[0.035491,-0.447727,0.893466,],[0.820961,0.522872,0.229407,]}, r_should_elbow: {[-0.658224,0.260767,-0.706217,],[-0.061036,0.916519,0.395307,],[0.750344,0.303305,-0.587358,]}, l_spine_should: {[-0.936670,0.262783,-0.231506,],[-0.272904,-0.133397,0.952748,],[0.219483,0.955589,0.196663,]}, r_spine_should: {[-0.988110,-0.097126,0.119184,],[0.042088,0.574705,0.817278,],[-0.147875,0.812577,-0.563784,]}, hip_spine: {[0.982077,0.140910,0.125175,],[0.091310,-0.936689,0.338048,],[0.164884,-0.320559,-0.932767,]}
FRAME: 11 l_knee_foot: {[0.992483,0.117443,0.034425,],[0.005364,0.239277,-0.970936,],[-0.122267,0.963822,0.236848,]}, l_hip_knee: {[-0.275850,-0.931891,-0.235554,],[0.931498,-0.198724,-0.304664,],[0.237104,-0.303459,0.922873,]}, r_knee_foot: {[0.998508,0.054487,0.003634,],[-0.004874,0.155207,-0.987870,],[-0.054391,0.986378,0.155241,]}, r_hip_knee: {[-0.569558,-0.818360,-0.076748,],[0.797338,-0.527411,-0.293409,],[0.199637,-0.228308,0.952901,]}, l_elbow_hand: {[-0.115054,-0.256802,-0.959591,],[0.025173,0.964942,-0.261252,],[0.993040,-0.054213,-0.104556,]}, l_should_elbow: {[-0.784235,-0.277866,-0.554768,],[0.054977,0.859481,-0.508203,],[0.618024,-0.429050,-0.658758,]}, r_elbow_hand: {[-0.560929,0.737711,0.375688,],[0.042258,-0.427698,0.902933,],[0.826785,0.522358,0.208734,]}, r_should_elbow: {[-0.633893,0.268364,-0.725369,],[-0.055303,0.919743,0.388605,],[0.771441,0.286449,-0.568177,]}, l_spine_should: {[-0.940599,0.252383,-0.227105,],[-0.271115,-0.155674,0.949875,],[0.204378,0.955023,0.214851,]}, r_spine_should: {[-0.986265,-0.101555,0.130265,],[0.050512,0.565429,0.823249,],[-0.157261,0.818521,-0.552533,]}, hip_spine: {[0.982325,0.141845,0.122135,],[0.088279,-0.926447,0.365927,],[0.165057,-0.348678,-0.922594,]}
FRAME: 12 l_knee_foot: {[0.989260,0.138869,0.045601,],[0.008160,0.259024,-0.965836,],[-0.145936,0.955836,0.255109,]}, l_hip_knee: {[-0.277530,-0.931545,-0.234949,],[0.931054,-0.200494,-0.304861,],[0.236886,-0.303358,0.922962,]}, r_knee_foot: {[0.995921,0.088290,0.018585,],[0.001709,0.187489,-0.982265,],[-0.090208,0.978291,0.186573,]}, r_hip_knee: {[-0.570805,-0.817726,-0.074197,],[0.796486,-0.529485,-0.291984,],[0.199477,-0.225763,0.953541,]}, l_elbow_hand: {[-0.062769,-0.256676,-0.964457,],[0.028333,0.965515,-0.258801,],[0.997626,-0.043571,-0.053332,]}, l_should_elbow: {[-0.757504,-0.279409,-0.590016,],[0.117733,0.830494,-0.544443,],[0.642127,-0.481882,-0.596207,]}, r_elbow_hand: {[-0.566113,0.730135,0.382647,],[0.044526,-0.436431,0.898635,],[0.823124,0.525767,0.214560,]}, r_should_elbow: {[-0.635490,0.270258,-0.723265,],[-0.049560,0.920530,0.387515,],[0.770517,0.282107,-0.571594,]}, l_spine_should: {[-0.940394,0.257657,-0.221973,],[-0.257096,-0.111343,0.959950,],[0.222622,0.959800,0.170949,]}, r_spine_should: {[-0.987213,-0.091442,0.130565,],[0.069720,0.488893,0.869553,],[-0.143346,0.867538,-0.476266,]}, hip_spine: {[0.982592,0.141121,0.120820,],[0.087386,-0.925012,0.369753,],[0.163940,-0.352758,-0.921241,]}
FRAME: 13 l_knee_foot: {[0.987897,0.146572,0.050753,],[0.008403,0.276156,-0.961076,],[-0.154882,0.949871,0.271582,]}, l_hip_knee: {[-0.277217,-0.931046,-0.237285,],[0.931021,-0.199285,-0.305755,],[0.237384,-0.305677,0.922068,]}, r_knee_foot: {[0.994352,0.102725,0.026673,],[0.003422,0.220151,-0.975460,],[-0.106076,0.970042,0.218556,]}, r_hip_knee: {[-0.569881,-0.818488,-0.072888,],[0.797140,-0.529114,-0.290871,],[0.199509,-0.223864,0.953982,]}, l_elbow_hand: {[-0.085708,-0.243791,-0.966033,],[0.035728,0.968225,-0.247514,],[0.995680,-0.055729,-0.074274,]}, l_should_elbow: {[-0.759508,-0.277256,-0.588453,],[0.130091,0.821606,-0.555014,],[0.637357,-0.498090,-0.587947,]}, r_elbow_hand: {[-0.565026,0.731431,0.381778,],[0.048303,-0.432602,0.900290,],[0.823658,0.527129,0.209101,]}, r_should_elbow: {[-0.629144,0.273887,-0.727436,],[-0.043399,0.922026,0.384687,],[0.776076,0.273594,-0.568201,]}, l_spine_should: {[-0.940048,0.261828,-0.218533,],[-0.246494,-0.078780,0.965937,],[0.235694,0.961894,0.138596,]}, r_spine_should: {[-0.987700,-0.084034,0.131859,],[0.083783,0.427587,0.900083,],[-0.132019,0.900060,-0.415287,]}, hip_spine: {[0.984443,0.134650,0.112880,],[0.082782,-0.922103,0.377986,],[0.154983,-0.362762,-0.918904,]}
FRAME: 14 l_knee_foot: {[0.988342,0.143837,0.049911,],[0.007676,0.280329,-0.959873,],[-0.152057,0.949066,0.275957,]}, l_hip_knee: {[-0.276954,-0.929027,-0.245366,],[0.930669,-0.195821,-0.309047,],[0.239065,-0.313946,0.918850,]}, r_knee_foot: {[0.994094,0.104920,0.027722,],[0.003780,0.221818,-0.975081,],[-0.108455,0.969427,0.220111,]}, r_hip_knee: {[-0.568522,-0.819366,-0.073633,],[0.798081,-0.527597,-0.291048,],[0.199626,-0.224232,0.953871,]}, l_elbow_hand: {[-0.099455,-0.248162,-0.963600,],[0.032006,0.967102,-0.252367,],[0.994527,-0.055940,-0.088241,]}, l_should_elbow: {[-0.755944,-0.279592,-0.591926,],[0.121118,0.828862,-0.546185,],[0.643334,-0.484578,-0.592710,]}, r_elbow_hand: {[-0.571415,0.722309,0.389556,],[0.045680,-0.445955,0.893889,],[0.819389,0.528576,0.221830,]}, r_should_elbow: {[-0.633092,0.271584,-0.724870,],[-0.047378,0.921081,0.386477,],[0.772626,0.279018,-0.570262,]}, l_spine_should: {[-0.941390,0.257608,-0.217769,],[-0.248491,-0.093023,0.964157,],[0.228117,0.961761,0.151584,]}, r_spine_should: {[-0.987001,-0.087769,0.134633,],[0.082417,0.442759,0.892845,],[-0.137975,0.892335,-0.429770,]}, hip_spine: {[0.983348,0.138780,0.117335,],[0.085178,-0.922289,0.377000,],[0.160537,-0.360728,-0.918751,]}
FRAME: 15 l_knee_foot: {[0.989265,0.138258,0.047314,],[0.006771,0.280061,-0.959958,],[-0.145973,0.949974,0.276118,]}, l_hip_knee: {[-0.274700,-0.929210,-0.247201,],[0.931203,-0.193035,-0.309188,],[0.239582,-0.315129,0.918311,]}, r_knee_foot: {[0.993738,0.107573,0.030209,],[0.003479,0.240437,-0.970658,],[-0.111680,0.964685,0.238557,]}, r_hip_knee: {[-0.564867,-0.821841,-0.074179,],[0.800603,-0.524046,-0.290536,],[0.199901,-0.223502,0.953985,]}, l_elbow_hand: {[-0.037541,-0.255528,-0.966072,],[0.030391,0.966015,-0.256694,],[0.998833,-0.038997,-0.028500,]}, l_should_elbow: {[-0.738588,-0.285016,-0.610945,],[0.126892,0.831264,-0.541201,],[0.662107,-0.477248,-0.577795,]}, r_elbow_hand: {[-0.586513,0.701020,0.405677,],[0.030787,-0.481215,0.876062,],[0.809354,0.526311,0.260657,]}, r_should_elbow: {[-0.642454,0.269528,-0.717362,],[-0.047752,0.920208,0.388507,],[0.764835,0.283853,-0.578321,]}, l_spine_should: {[-0.940689,0.258950,-0.219200,],[-0.250346,-0.093742,0.963607,],[0.228978,0.961331,0.153009,]}, r_spine_should: {[-0.987302,-0.087612,0.132510,],[0.079227,0.451438,0.888778,],[-0.137687,0.887991,-0.438765,]}, hip_spine: {[0.986938,0.124336,0.102445,],[0.077404,-0.923655,0.375326,],[0.141290,-0.362494,-0.921214,]}
FRAME: 16 l_knee_foot: {[0.988916,0.140650,0.047570,],[0.007714,0.271283,-0.962469,],[-0.148276,0.952168,0.267191,]}, l_hip_knee: {[-0.273730,-0.928721,-0.250099,],[0.931319,-0.190984,-0.310114,],[0.240245,-0.317809,0.917213,]}, r_knee_foot: {[0.993468,0.109732,0.031309,],[0.003783,0.242551,-0.970131,],[-0.114049,0.963913,0.240551,]}, r_hip_knee: {[-0.563840,-0.822557,-0.074053,],[0.801309,-0.523149,-0.290204,],[0.199968,-0.222968,0.954095,]}, l_elbow_hand: {[-0.089048,-0.254698,-0.962912,],[0.028190,0.965721,-0.258048,],[0.995628,-0.050123,-0.078816,]}, l_should_elbow: {[-0.749700,-0.281012,-0.599151,],[0.128696,0.826173,-0.548522,],[0.649144,-0.488335,-0.583216,]}, r_elbow_hand: {[-0.579905,0.708800,0.401638,],[0.054349,-0.458242,0.887164,],[0.812869,0.536300,0.227214,]}, r_should_elbow: {[-0.641208,0.270586,-0.718078,],[-0.045707,0.920639,0.387729,],[0.766005,0.281436,-0.577953,]}, l_spine_should: {[-0.940508,0.259710,-0.219079,],[-0.249461,-0.090047,0.964189,],[0.230682,0.961479,0.149478,]}, r_spine_should: {[-0.987415,-0.086725,0.132254,],[0.080235,0.445942,0.891458,],[-0.136290,0.890850,-0.433371,]}, hip_spine: {[0.987992,0.119592,0.097824,],[0.075086,-0.924996,0.372484,],[0.135033,-0.360666,-0.922869,]}
FRAME: 17 l_knee_foot: {[0.991441,0.123341,0.042792,],[0.002848,0.307265,-0.951620,],[-0.130522,0.943597,0.304284,]}, l_hip_knee: {[-0.289727,-0.923802,-0.250297,],[0.926724,-0.205395,-0.314636,],[0.239252,-0.323114,0.915618,]}, r_knee_foot: {[0.990369,0.130539,0.046136,],[0.003993,0.306154,-0.951974,],[-0.138395,0.942989,0.302684,]}, r_hip_knee: {[-0.564473,-0.821624,-0.079403,],[0.800834,-0.521781,-0.293955,],[0.200090,-0.229518,0.952515,]}, l_elbow_hand: {[-0.051726,-0.244664,-0.968227,],[0.036885,0.968396,-0.246677,],[0.997980,-0.048473,-0.041067,]}, l_should_elbow: {[-0.748064,-0.279867,-0.601727,],[0.145352,0.815610,-0.560047,],[0.647513,-0.506413,-0.569449,]}, r_elbow_hand: {[-0.640702,0.624501,0.446653,],[-0.041151,-0.608834,0.792230,],[0.766686,0.489203,0.415780,]}, r_should_elbow: {[-0.658626,0.263801,-0.704714,],[-0.053268,0.917838,0.393366,],[0.750583,0.296620,-0.590459,]}, l_spine_should: {[-0.939335,0.263263,-0.219868,],[-0.248035,-0.078600,0.965557,],[0.236913,0.961517,0.139130,]}, r_spine_should: {[-0.988009,-0.083649,0.129774,],[0.081045,0.434438,0.897048,],[-0.131416,0.896809,-0.422449,]}, hip_spine: {[0.994439,0.085113,0.062018,],[0.056258,-0.927181,0.370366,],[0.089025,-0.364818,-0.926813,]}
FRAME: 18 l_knee_foot: {[0.991846,0.119892,0.043224,],[0.001055,0.331419,-0.943483,],[-0.127441,0.935835,0.328590,]}, l_hip_knee: {[-0.289470,-0.924428,-0.248276,],[0.926904,-0.205990,-0.313715,],[0.238865,-0.320939,0.916483,]}, r_knee_foot: {[0.990264,0.131188,0.046539,],[0.004033,0.307157,-0.951650,],[-0.139140,0.942573,0.303638,]}, r_hip_knee: {[-0.566331,-0.820075,-0.082143,],[0.799535,-0.522472,-0.296254,],[0.200033,-0.233453,0.951570,]}, l_elbow_hand: {[0.022563,-0.248836,-0.968283,],[0.037302,0.968064,-0.247911,],[0.999049,-0.030525,0.031125,]}, l_should_elbow: {[-0.725019,-0.289745,-0.624816,],[0.122038,0.838801,-0.530585,],[0.677830,-0.460935,-0.572787,]}, r_elbow_hand: {[-0.636981,0.629022,0.445630,],[-0.031564,-0.598877,0.800218,],[0.770233,0.495658,0.401328,]}, r_should_elbow: {[-0.658733,0.263514,-0.704720,],[-0.053920,0.917716,0.393560,],[0.750442,0.297249,-0.590322,]}, l_spine_should: {[-0.938807,0.265241,-0.219749,],[-0.245971,-0.069645,0.966772,],[0.241123,0.961664,0.130624,]}, r_spine_should: {[-0.988287,-0.081356,0.129107,],[0.083394,0.420601,0.903405,],[-0.127800,0.903591,-0.408890,]}, hip_spine: {[0.996248,0.071842,0.048266,],[0.049026,-0.927997,0.369346,],[0.071325,-0.365594,-0.928037,]}
FRAME: 19 l_knee_foot: {[0.992514,0.114408,0.042739,],[-0.001031,0.357781,-0.933805,],[-0.122126,0.926770,0.355221,]}, l_hip_knee: {[-0.288673,-0.925629,-0.244701,],[0.927323,-0.206724,-0.311989,],[0.238201,-0.316980,0.918033,]}, r_knee_foot: {[0.990851,0.126651,0.046627,],[0.001942,0.332066,-0.943254,],[-0.134948,0.934715,0.328782,]}, r_hip_knee: {[-0.567632,-0.819030,-0.083568,],[0.798627,-0.523133,-0.297536,],[0.199974,-0.235631,0.951046,]}, l_elbow_hand: {[0.081828,-0.251849,-0.964301,],[0.037301,0.967642,-0.249556,],[0.995948,-0.015549,0.088574,]}, l_should_elbow: {[-0.700630,-0.297816,-0.648400,],[0.101443,0.857922,-0.503666,],[0.706276,-0.418660,-0.570875,]}, r_elbow_hand: {[-0.645003,0.617174,0.450630,],[-0.040037,-0.616174,0.786592,],[0.763131,0.489313,0.422144,]}, r_should_elbow: {[-0.660606,0.263047,-0.703140,],[-0.054007,0.917527,0.393990,],[0.748788,0.298247,-0.591917,]}, l_spine_should: {[-0.937935,0.268353,-0.219691,],[-0.242850,-0.055965,0.968448,],[0.247590,0.961694,0.117661,]}, r_spine_should: {[-0.988706,-0.077738,0.128131,],[0.086966,0.398697,0.912950,],[-0.122057,0.913782,-0.387434,]}, hip_spine: {[0.997015,0.065215,0.041328,],[0.045352,-0.927886,0.370096,],[0.062483,-0.367117,-0.928074,]}
FRAME: 20 l_knee_foot: {[0.991752,0.120198,0.044495,],[0.000413,0.344163,-0.938910,],[-0.128169,0.931185,0.341274,]}, l_hip_knee: {[-0.283972,-0.929842,-0.233996,],[0.929251,-0.206739,-0.306188,],[0.236330,-0.304390,0.922765,]}, r_knee_foot: {[0.990009,0.132199,0.049040,],[0.002910,0.328565,-0.944477,],[-0.140972,0.935184,0.324898,]}, r_hip_knee: {[-0.568256,-0.818766,-0.081899,],[0.798207,-0.524322,-0.296567,],[0.199878,-0.233898,0.951494,]}, l_elbow_hand: {[0.076308,-0.256095,-0.963635,],[0.034499,0.966552,-0.254138,],[0.996487,-0.013851,0.082591,]}, l_should_elbow: {[-0.705825,-0.296151,-0.643510,],[0.107494,0.853121,-0.510519,],[0.700183,-0.429511,-0.570320,]}, r_elbow_hand: {[-0.647657,0.613140,0.452328,],[-0.042266,-0.621656,0.782149,],[0.760759,0.487446,0.428535,]}, r_should_elbow: {[-0.663067,0.261404,-0.701434,],[-0.056647,0.916836,0.395226,],[0.746414,0.301795,-0.593116,]}, l_spine_should: {[-0.936978,0.271452,-0.219969,],[-0.240291,-0.043616,0.969720,],[0.253638,0.961463,0.106094,]}, r_spine_should: {[-0.989118,-0.074276,0.127002,],[0.089800,0.378997,0.921030,],[-0.116544,0.922412,-0.368203,]}, hip_spine: {[0.997242,0.063015,0.039204,],[0.044283,-0.929154,0.367031,],[0.059555,-0.364283,-0.929382,]}
FRAME: 21 l_knee_foot: {[0.992294,0.116398,0.042462,],[-0.000006,0.342756,-0.939424,],[-0.123902,0.932185,0.340116,]}, l_hip_knee: {[-0.285695,-0.929939,-0.231500,],[0.928876,-0.209294,-0.305591,],[0.235729,-0.302341,0.923592,]}, r_knee_foot: {[0.989414,0.135588,0.051731,],[0.002732,0.339002,-0.940782,],[-0.145095,0.930964,0.335043,]}, r_hip_knee: {[-0.568643,-0.818854,-0.078253,],[0.797964,-0.526021,-0.294203,],[0.199746,-0.229739,0.952534,]}, l_elbow_hand: {[0.098354,-0.262320,-0.959956,],[0.031281,0.964971,-0.260485,],[0.994660,-0.004409,0.103114,]}, l_should_elbow: {[-0.723907,-0.291233,-0.625413,],[0.107438,0.847881,-0.519187,],[0.681480,-0.443036,-0.582498,]}, r_elbow_hand: {[-0.656590,0.595633,0.462721,],[-0.030478,-0.633938,0.772783,],[0.753631,0.493299,0.434392,]}, r_should_elbow: {[-0.690490,0.248745,-0.679227,],[-0.070210,0.911531,0.405194,],[0.719926,0.327471,-0.611939,]}, l_spine_should: {[-0.941403,0.256340,-0.219203,],[-0.252446,-0.104513,0.961950,],[0.223677,0.960920,0.163100,]}, r_spine_should: {[-0.986879,-0.090228,0.133903,],[0.077170,0.464882,0.882003,],[-0.141830,0.880763,-0.451819,]}, hip_spine: {[0.997480,0.060008,0.037844,],[0.044096,-0.942287,0.331889,],[0.055576,-0.329384,-0.942559,]}
FRAME: 22 l_knee_foot: {[0.992566,0.114695,0.040722,],[0.000303,0.332252,-0.943190,],[-0.121710,0.936191,0.329747,]}, l_hip_knee: {[-0.288471,-0.931940,-0.219707,],[0.928651,-0.216427,-0.301274,],[0.233219,-0.290940,0.927881,]}, r_knee_foot: {[0.989255,0.137097,0.050775,],[0.004022,0.321650,-0.946850,],[-0.146142,0.936881,0.317642,]}, r_hip_knee: {[-0.569577,-0.819598,-0.061974,],[0.797426,-0.532741,-0.283370,],[0.199233,-0.210821,0.957006,]}, l_elbow_hand: {[0.076880,-0.262041,-0.961990,],[0.030804,0.965009,-0.260401,],[0.996565,-0.009613,0.082262,]}, l_should_elbow: {[-0.740766,-0.285505,-0.608073,],[0.114163,0.838518,-0.532780,],[0.661991,-0.464085,-0.588551,]}, r_elbow_hand: {[-0.621891,0.641382,0.449312,],[0.046630,-0.542410,0.838819,],[0.781714,0.542605,0.307412,]}, r_should_elbow: {[-0.690067,0.244873,-0.681061,],[-0.079571,0.909650,0.407684,],[0.719358,0.335522,-0.608235,]}, l_spine_should: {[-0.943130,0.252505,-0.216209,],[-0.249306,-0.107042,0.962491,],[0.219890,0.961657,0.163906,]}, r_spine_should: {[-0.986076,-0.091494,0.138858,],[0.083204,0.451520,0.888373,],[-0.143978,0.887558,-0.437620,]}, hip_spine: {[0.996933,0.064175,0.044790,],[0.048554,-0.956061,0.289119,],[0.061376,-0.286058,-0.956245,]}
FRAME: 23 l_knee_foot: {[0.993548,0.107059,0.037412,],[-0.001012,0.338252,-0.941055,],[-0.113404,0.934946,0.336178,]}, l_hip_knee: {[-0.293391,-0.933371,-0.206736,],[0.927809,-0.225881,-0.296896,],[0.230416,-0.278919,0.932262,]}, r_knee_foot: {[0.988047,0.143583,0.056090,],[0.003560,0.342515,-0.939506,],[-0.154109,0.928476,0.337910,]}, r_hip_knee: {[-0.570831,-0.818780,-0.061246,],[0.796553,-0.534155,-0.283164,],[0.199134,-0.210424,0.957114,]}, l_elbow_hand: {[0.102507,-0.256519,-0.961088,],[0.034972,0.966510,-0.254236,],[0.994117,-0.007550,0.108045,]}, l_should_elbow: {[-0.728989,-0.289344,-0.620367,],[0.112322,0.843428,-0.525370,],[0.675247,-0.452670,-0.582350,]}, r_elbow_hand: {[-0.619559,0.643974,0.448825,],[0.055220,-0.534615,0.843290,],[0.783005,0.547252,0.295665,]}, r_should_elbow: {[-0.699048,0.237589,-0.674450,],[-0.090379,0.906269,0.412927,],[0.709340,0.349612,-0.612052,]}, l_spine_should: {[-0.941569,0.259679,-0.214506,],[-0.239963,-0.070276,0.968235,],[0.236356,0.963134,0.128483,]}, r_spine_should: {[-0.987045,-0.083190,0.137190,],[0.093698,0.395231,0.913791,],[-0.130240,0.914807,-0.382316,]}, hip_spine: {[0.997891,0.055041,0.034413,],[0.042744,-0.956133,0.289798,],[0.048854,-0.287716,-0.956469,]}
FRAME: 24 l_knee_foot: {[0.993228,0.108348,0.041942,],[-0.003120,0.385743,-0.922601,],[-0.116141,0.916222,0.383469,]}, l_hip_knee: {[-0.294884,-0.933691,-0.203139,],[0.927527,-0.228605,-0.295690,],[0.229645,-0.275611,0.933435,]}, r_knee_foot: {[0.986810,0.147830,0.065977,],[-0.000903,0.412573,-0.910924,],[-0.161883,0.898849,0.407264,]}, r_hip_knee: {[-0.570119,-0.818907,-0.066001,],[0.797020,-0.531811,-0.286244,],[0.199307,-0.215797,0.955881,]}, l_elbow_hand: {[0.093329,-0.237692,-0.966847,],[0.046329,0.971070,-0.234259,],[0.994557,-0.022930,0.101641,]}, l_should_elbow: {[-0.711532,-0.293821,-0.638272,],[0.119886,0.844289,-0.522306,],[0.692351,-0.448157,-0.565514,]}, r_elbow_hand: {[-0.708943,0.519948,0.476500,],[-0.100346,-0.743124,0.661587,],[0.698090,0.421213,0.579007,]}, r_should_elbow: {[-0.706090,0.234228,-0.668262,],[-0.093103,0.904810,0.415512,],[0.701974,0.355607,-0.617070,]}, l_spine_should: {[-0.933869,0.284408,-0.216798,],[-0.217547,0.029357,0.975608,],[0.283835,0.958254,0.034456,]}, r_spine_should: {[-0.989554,-0.055371,0.133104,],[0.118553,0.212769,0.969884,],[-0.082024,0.975532,-0.203982,]}, hip_spine: {[0.999445,0.032290,0.008227,],[0.028064,-0.948794,0.314648,],[0.017965,-0.314242,-0.949173,]}
FRAME: 25 l_knee_foot: {[0.993219,0.108128,0.042707,],[-0.003658,0.396236,-0.918142,],[-0.116199,0.911760,0.393944,]}, l_hip_knee: {[-0.299965,-0.932099,-0.203006,],[0.925959,-0.233322,-0.296919,],[0.229392,-0.277041,0.933074,]}, r_knee_foot: {[0.985923,0.151955,0.069756,],[-0.001509,0.425268,-0.905066,],[-0.167194,0.892220,0.419511,]}, r_hip_knee: {[-0.569720,-0.819119,-0.066805,],[0.797293,-0.531157,-0.286698,],[0.199355,-0.216601,0.955689,]}, l_elbow_hand: {[0.081242,-0.238274,-0.967794,],[0.045700,0.970873,-0.235196,],[0.995646,-0.025120,0.089764,]}, l_should_elbow: {[-0.713297,-0.293462,-0.636465,],[0.117940,0.844908,-0.521748,],[0.690867,-0.447225,-0.568059,]}, r_elbow_hand: {[-0.726238,0.497267,0.474661,],[-0.129131,-0.776862,0.616288,],[0.675206,0.386279,0.628399,]}, r_should_elbow: {[-0.716457,0.228318,-0.659212,],[-0.098858,0.902166,0.419908,],[0.690591,0.366015,-0.623792,]}, l_spine_should: {[-0.934480,0.281934,-0.217394,],[-0.222205,0.015205,0.974881,],[0.278157,0.959314,0.048438,]}, r_spine_should: {[-0.989601,-0.058947,0.131206,],[0.112779,0.248188,0.962124,],[-0.089278,0.966917,-0.238959,]}, hip_spine: {[0.999552,0.029491,0.005057,],[0.026316,-0.946895,0.320463,],[0.014239,-0.320186,-0.947248,]}
FRAME: 26 l_knee_foot: {[0.993090,0.109388,0.042508,],[-0.003018,0.385893,-0.922538,],[-0.117318,0.916035,0.383557,]}, l_hip_knee: {[-0.299922,-0.932470,-0.201362,],[0.926051,-0.233899,-0.296176,],[0.229077,-0.275301,0.933666,]}, r_knee_foot: {[0.985677,0.154083,0.068549,],[0.000231,0.405241,-0.914210,],[-0.168643,0.901132,0.399401,]}, r_hip_knee: {[-0.568202,-0.821150,-0.053465,],[0.798444,-0.534440,-0.277238,],[0.199080,-0.200216,0.959313,]}, l_elbow_hand: {[0.057461,-0.232932,-0.970794,],[0.048441,0.971906,-0.230331,],[0.997172,-0.033791,0.067130,]}, l_should_elbow: {[-0.728070,-0.289307,-0.621462,],[0.116085,0.841452,-0.527716,],[0.675602,-0.456356,-0.579052,]}, r_elbow_hand: {[-0.690791,0.546427,0.473524,],[-0.078101,-0.707451,0.702434,],[0.718824,0.448252,0.531377,]}, r_should_elbow: {[-0.712571,0.228907,-0.663208,],[-0.100411,0.902275,0.419306,],[0.694378,0.365379,-0.619950,]}, l_spine_should: {[-0.938825,0.267200,-0.217283,],[-0.238780,-0.050370,0.969766,],[0.248177,0.962324,0.111091,]}, r_spine_should: {[-0.988320,-0.077074,0.131469,],[0.093096,0.377657,0.921254,],[-0.120655,0.922732,-0.366071,]}, hip_spine: {[0.999517,0.030433,0.006263,],[0.026991,-0.950293,0.310185,],[0.015392,-0.309866,-0.950656,]}
FRAME: 27 l_knee_foot: {[0.993403,0.107238,0.040619,],[-0.002811,0.376882,-0.926257,],[-0.114638,0.920033,0.374697,]}, l_hip_knee: {[-0.300040,-0.932615,-0.200514,],[0.926055,-0.234326,-0.295828,],[0.228908,-0.274448,0.933959,]}, r_knee_foot: {[0.985917,0.154096,0.064976,],[0.002572,0.374514,-0.927218,],[-0.167215,0.914327,0.368844,]}, r_hip_knee: {[-0.568273,-0.821762,-0.042112,],[0.798475,-0.538360,-0.269455,],[0.198757,-0.186749,0.962092,]}, l_elbow_hand: {[0.052411,-0.230028,-0.971772,],[0.050129,0.972488,-0.227494,],[0.997367,-0.036791,0.062500,]}, l_should_elbow: {[-0.735072,-0.287561,-0.613985,],[0.111462,0.842020,-0.527805,],[0.668764,-0.456410,-0.586894,]}, r_elbow_hand: {[-0.687594,0.550593,0.473352,],[-0.072051,-0.700435,0.710070,],[0.722512,0.454134,0.521286,]}, r_should_elbow: {[-0.726754,0.216912,-0.651750,],[-0.116081,0.896401,0.427775,],[0.677019,0.386542,-0.626283,]}, l_spine_should: {[-0.943599,0.248013,-0.219342,],[-0.258628,-0.138503,0.955996,],[0.206719,0.958805,0.194835,]}, r_spine_should: {[-0.985428,-0.098007,0.139019,],[0.071681,0.501908,0.861945,],[-0.154251,0.859350,-0.487569,]}, hip_spine: {[0.999400,0.033239,0.009765,],[0.028966,-0.956345,0.290800,],[0.019005,-0.290342,-0.956734,]}
FRAME: 28 l_knee_foot: {[0.993562,0.106148,0.039577,],[-0.002659,0.371109,-0.928585,],[-0.113255,0.922502,0.369002,]}, l_hip_knee: {[-0.299873,-0.932672,-0.200496,],[0.926108,-0.234179,-0.295778,],[0.228912,-0.274377,0.933979,]}, r_knee_foot: {[0.986135,0.153376,0.063360,],[0.003302,0.363597,-0.931551,],[-0.165915,0.918843,0.358049,]}, r_hip_knee: {[-0.568502,-0.821908,-0.035679,],[0.798359,-0.540707,-0.265063,],[0.198565,-0.179173,0.963571,]}, l_elbow_hand: {[0.056670,-0.232109,-0.971038,],[0.048935,0.972077,-0.229502,],[0.997193,-0.034512,0.066446,]}, l_should_elbow: {[-0.734177,-0.288049,-0.614827,],[0.109085,0.843737,-0.525555,],[0.670138,-0.452919,-0.588030,]}, r_elbow_hand: {[-0.687537,0.550797,0.473197,],[-0.072473,-0.700448,0.710014,],[0.722524,0.453867,0.521502,]}, r_should_elbow: {[-0.728845,0.211419,-0.651220,],[-0.126298,0.893295,0.431362,],[0.672930,0.396643,-0.624372,]}, l_spine_should: {[-0.944319,0.244317,-0.220387,],[-0.262883,-0.157413,0.951900,],[0.197874,0.956833,0.212875,]}, r_spine_should: {[-0.984757,-0.101943,0.140931,],[0.067166,0.524530,0.848739,],[-0.160446,0.845267,-0.509687,]}, hip_spine: {[0.999292,0.035513,0.012391,],[0.030440,-0.957100,0.288154,],[0.022092,-0.287573,-0.957504,]}
FRAME: 29 l_knee_foot: {[0.993189,0.109914,0.038669,],[-0.000534,0.336169,-0.941801,],[-0.116516,0.935366,0.333938,]}, l_hip_knee: {[-0.299446,-0.933735,-0.196142,],[0.926448,-0.235408,-0.293729,],[0.228091,-0.269672,0.935549,]}, r_knee_foot: {[0.986324,0.154035,0.058632,],[0.006709,0.317925,-0.948092,],[-0.164679,0.935520,0.312544,]}, r_hip_knee: {[-0.569353,-0.821407,-0.033594,],[0.797776,-0.542185,-0.263797,],[0.198470,-0.176994,0.963993,]}, l_elbow_hand: {[0.036284,-0.233171,-0.971759,],[0.047712,0.971694,-0.231374,],[0.998202,-0.037970,0.046382,]}, l_should_elbow: {[-0.738951,-0.286766,-0.609686,],[0.106941,0.843510,-0.526360,],[0.665218,-0.454154,-0.592645,]}, r_elbow_hand: {[-0.636004,0.623749,0.454353,],[0.008253,-0.583248,0.812252,],[0.771642,0.520346,0.365800,]}, r_should_elbow: {[-0.720342,0.214721,-0.659547,],[-0.125898,0.894608,0.428749,],[0.682098,0.391881,-0.617391,]}, l_spine_should: {[-0.944499,0.244076,-0.219884,],[-0.262060,-0.156150,0.952335,],[0.198107,0.957102,0.211446,]}, r_spine_should: {[-0.984704,-0.101727,0.141454,],[0.068491,0.520503,0.851108,],[-0.160208,0.847778,-0.505574,]}, hip_spine: {[0.999342,0.034455,0.011360,],[0.029882,-0.959292,0.280831,],[0.020574,-0.280307,-0.959690,]}
FRAME: 30 l_knee_foot: {[0.993455,0.107933,0.037371,],[-0.000616,0.332242,-0.943194,],[-0.114218,0.936998,0.330134,]}, l_hip_knee: {[-0.301440,-0.934190,-0.190849,],[0.926072,-0.239197,-0.291850,],[0.226993,-0.264715,0.937230,]}, r_knee_foot: {[0.986749,0.151087,0.059156,],[0.005002,0.336091,-0.941816,],[-0.162178,0.929632,0.330882,]}, r_hip_knee: {[-0.568324,-0.822172,-0.032255,],[0.798508,-0.541662,-0.262655,],[0.198477,-0.175029,0.964350,]}, l_elbow_hand: {[0.023784,-0.236162,-0.971423,],[0.045432,0.970949,-0.234934,],[0.998684,-0.038546,0.033823,]}, l_should_elbow: {[-0.745107,-0.285862,-0.602577,],[0.096346,0.847877,-0.521366,],[0.659950,-0.446529,-0.604217,]}, r_elbow_hand: {[-0.636556,0.622813,0.454863,],[0.008174,-0.584307,0.811491,],[0.771187,0.520278,0.366853,]}, r_should_elbow: {[-0.723887,0.211819,-0.656598,],[-0.129408,0.893124,0.430792,],[0.677673,0.396814,-0.619110,]}, l_spine_should: {[-0.944732,0.242558,-0.220561,],[-0.264193,-0.164907,0.950267,],[0.194122,0.956018,0.219875,]}, r_spine_should: {[-0.984420,-0.103481,0.142157,],[0.066094,0.531415,0.844529,],[-0.162937,0.840767,-0.516296,]}, hip_spine: {[0.999307,0.035143,0.012227,],[0.030379,-0.960300,0.277312,],[0.021487,-0.276748,-0.960702,]}
FRAME: 31 l_knee_foot: {[0.993684,0.106168,0.036338,],[-0.000763,0.330210,-0.943907,],[-0.112212,0.937918,0.328206,]}, l_hip_knee: {[-0.302885,-0.934235,-0.188324,],[0.925732,-0.241455,-0.291067,],[0.226453,-0.262498,0.937984,]}, r_knee_foot: {[0.986931,0.149748,0.059523,],[0.004148,0.345650,-0.938354,],[-0.161091,0.926338,0.340511,]}, r_hip_knee: {[-0.567750,-0.822583,-0.031895,],[0.798913,-0.541242,-0.262287,],[0.198490,-0.174395,0.964463,]}, l_elbow_hand: {[0.022644,-0.239471,-0.970639,],[0.043286,0.970213,-0.238356,],[0.998806,-0.036618,0.032335,]}, l_should_elbow: {[-0.745455,-0.286826,-0.601687,],[0.085620,0.853999,-0.513181,],[0.661034,-0.434070,-0.612060,]}, r_elbow_hand: {[-0.637360,0.621554,0.455460,],[0.007478,-0.586054,0.810237,],[0.770530,0.519819,0.368879,]}, r_should_elbow: {[-0.725507,0.210413,-0.655261,],[-0.131154,0.892395,0.431774,],[0.675602,0.399196,-0.619842,]}, l_spine_should: {[-0.944727,0.242265,-0.220903,],[-0.264996,-0.167510,0.949588,],[0.193048,0.955640,0.222451,]}, r_spine_should: {[-0.984365,-0.103987,0.142167,],[0.065056,0.535420,0.842076,],[-0.163684,0.838160,-0.520284,]}, hip_spine: {[0.999292,0.035443,0.012584,],[0.030581,-0.960461,0.276730,],[0.021894,-0.276149,-0.960865,]}
FRAME: 32 l_knee_foot: {[0.993595,0.106954,0.036453,],[-0.000495,0.326720,-0.945121,],[-0.112994,0.939050,0.324681,]}, l_hip_knee: {[-0.302913,-0.934691,-0.186000,],[0.925831,-0.242329,-0.290023,],[0.226009,-0.260056,0.938771,]}, r_knee_foot: {[0.987126,0.148864,0.058500,],[0.004409,0.340285,-0.940312,],[-0.159885,0.928464,0.335248,]}, r_hip_knee: {[-0.568791,-0.821951,-0.029561,],[0.798199,-0.542972,-0.260883,],[0.198382,-0.171983,0.964918,]}, l_elbow_hand: {[0.031269,-0.256732,-0.965977,],[0.032577,0.966198,-0.255736,],[0.998980,-0.023472,0.038576,]}, l_should_elbow: {[-0.741012,-0.288534,-0.606341,],[0.081668,0.857548,-0.507880,],[0.666507,-0.425864,-0.611889,]}, r_elbow_hand: {[-0.634337,0.624867,0.455146,],[0.017955,-0.576694,0.816763,],[0.772848,0.526275,0.354599,]}, r_should_elbow: {[-0.723868,0.206839,-0.658204,],[-0.140201,0.890001,0.433868,],[0.675543,0.406344,-0.615245,]}, l_spine_should: {[-0.945100,0.240265,-0.221491,],[-0.267128,-0.177630,0.947148,],[0.188223,0.954317,0.232060,]}, r_spine_should: {[-0.983974,-0.105987,0.143398,],[0.062911,0.546129,0.835336,],[-0.166848,0.830970,-0.530708,]}, hip_spine: {[0.999127,0.038537,0.016153,],[0.032597,-0.960689,0.275706,],[0.026143,-0.274939,-0.961106,]}
FRAME: 33 l_knee_foot: {[0.993353,0.109118,0.036656,],[0.000316,0.315858,-0.948807,],[-0.115110,0.942511,0.313723,]}, l_hip_knee: {[-0.302889,-0.934327,-0.187860,],[0.925752,-0.241628,-0.290859,],[0.226365,-0.262010,0.938142,]}, r_knee_foot: {[0.987473,0.147061,0.057192,],[0.004434,0.336452,-0.941690,],[-0.157729,0.930147,0.331585,]}, r_hip_knee: {[-0.570041,-0.821198,-0.026200,],[0.797342,-0.545223,-0.258801,],[0.198242,-0.168417,0.965575,]}, l_elbow_hand: {[0.030348,-0.266918,-0.963241,],[0.026023,0.963569,-0.266190,],[0.999201,-0.016988,0.036188,]}, l_should_elbow: {[-0.740431,-0.288924,-0.606864,],[0.079336,0.859014,-0.505768,],[0.667433,-0.422633,-0.613119,]}, r_elbow_hand: {[-0.628188,0.633455,0.451791,],[0.029434,-0.560899,0.827361,],[0.777504,0.533036,0.333705,]}, r_should_elbow: {[-0.720114,0.207490,-0.662106,],[-0.141838,0.890070,0.433194,],[0.679204,0.405861,-0.611522,]}, l_spine_should: {[-0.945349,0.239370,-0.221396,],[-0.267392,-0.180573,0.946517,],[0.186590,0.953989,0.234711,]}, r_spine_should: {[-0.983796,-0.106572,0.144177,],[0.062981,0.547488,0.834440,],[-0.167864,0.830000,-0.531904,]}, hip_spine: {[0.998940,0.041614,0.019661,],[0.034574,-0.960457,0.276274,],[0.030381,-0.275302,-0.960878,]}
FRAME: 34 l_knee_foot: {[0.993257,0.109990,0.036651,],[0.000697,0.310465,-0.950585,],[-0.115934,0.944200,0.308294,]}, l_hip_knee: {[-0.302853,-0.934097,-0.189055,],[0.925708,-0.241158,-0.291389,],[0.226594,-0.263258,0.937737,]}, r_knee_foot: {[0.987615,0.146329,0.056602,],[0.004482,0.334304,-0.942455,],[-0.156831,0.931036,0.329508,]}, r_hip_knee: {[-0.570498,-0.820966,-0.023391,],[0.797038,-0.546549,-0.256934,],[0.198150,-0.165223,0.966146,]}, l_elbow_hand: {[0.032688,-0.273526,-0.961309,],[0.021882,0.961788,-0.272918,],[0.999226,-0.012114,0.037424,]}, l_should_elbow: {[-0.739500,-0.289390,-0.607778,],[0.077224,0.860445,-0.503657,],[0.668713,-0.419389,-0.613951,]}, r_elbow_hand: {[-0.629942,0.630556,0.453401,],[0.028674,-0.564516,0.824924,],[0.776113,0.532655,0.337532,]}, r_should_elbow: {[-0.719000,0.205760,-0.663854,],[-0.146499,0.888843,0.434162,],[0.679395,0.409416,-0.608934,]}, l_spine_should: {[-0.945529,0.238692,-0.221362,],[-0.267655,-0.182957,0.945985,],[0.185300,0.953705,0.236878,]}, r_spine_should: {[-0.983661,-0.107041,0.144749,],[0.062942,0.548812,0.833573,],[-0.168667,0.829064,-0.533108,]}, hip_spine: {[0.998819,0.043441,0.021737,],[0.035741,-0.960275,0.276757,],[0.032896,-0.275653,-0.960694,]}
FRAME: 35 l_knee_foot: {[0.993325,0.109094,0.037464,],[-0.000173,0.326197,-0.945302,],[-0.115347,0.938985,0.324039,]}, l_hip_knee: {[-0.302349,-0.933750,-0.191560,],[0.925751,-0.239774,-0.292394,],[0.227092,-0.265742,0.936915,]}, r_knee_foot: {[0.987977,0.143436,0.057687,],[0.002465,0.358468,-0.933539,],[-0.154583,0.922457,0.353805,]}, r_hip_knee: {[-0.571397,-0.820200,-0.027859,],[0.796372,-0.545958,-0.260233,],[0.198233,-0.170883,0.965144,]}, l_elbow_hand: {[0.088835,-0.278253,-0.956391,],[0.021077,0.960497,-0.277490,],[0.995823,0.004493,0.091190,]}, l_should_elbow: {[-0.723540,-0.293577,-0.624742,],[0.078887,0.863955,-0.497351,],[0.685760,-0.409137,-0.601947,]}, r_elbow_hand: {[-0.643709,0.610705,0.461169,],[0.006459,-0.598266,0.801272,],[0.765243,0.518765,0.381165,]}, r_should_elbow: {[-0.717975,0.197978,-0.667321,],[-0.164177,0.883485,0.438748,],[0.676430,0.424569,-0.601817,]}, l_spine_should: {[-0.945216,0.239486,-0.221842,],[-0.268161,-0.182081,0.946011,],[0.186163,0.953674,0.236326,]}, r_spine_should: {[-0.983817,-0.106849,0.143830,],[0.061781,0.551214,0.832074,],[-0.168187,0.827494,-0.535692,]}, hip_spine: {[0.998278,0.050519,0.029810,],[0.040285,-0.959853,0.277597,],[0.042638,-0.275918,-0.960235,]}
