[[-0.871807, -1.004028, -0.091635], [-0.868156, -1.075018, -0.074993], [-0.759203, -0.954043, -0.168614], [-1.000827, -0.942095, -0.075842], [-0.866282, -1.145203, -0.026783], [-0.867687, -1.375352, 0.150939], [-0.747090, -1.480674, 0.212327], [-0.998408, -1.466914, 0.213656], [-0.598348, -1.444434, 0.210527], [-0.289858, -1.385612, 0.344428], [-0.381895, -1.338143, 0.740722], [-0.518119, -1.276620, 0.785197], [-0.537750, -1.273629, 0.798115], [-0.558899, -1.270451, 0.815033], [-0.607191, -1.266441, 0.854559], [-0.530043, -1.367797, 0.855567], [-0.562577, -1.396241, 0.874330], [-0.578500, -1.389992, 0.897576], [-0.592208, -1.349709, 0.941922], [-0.491319, -1.385138, 0.875868], [-0.526249, -1.407092, 0.903160], [-0.546459, -1.403136, 0.929484], [-0.564783, -1.382165, 0.964343], [-0.445396, -1.387170, 0.883512], [-0.469705, -1.395156, 0.907787], [-0.488437, -1.394007, 0.930692], [-0.516994, -1.384957, 0.969811], [-0.405526, -1.377922, 0.878251], [-0.423921, -1.380278, 0.905874], [-0.442269, -1.381721, 0.929754], [-0.478391, -1.386857, 0.975453], [-1.135016, -1.401341, 0.191767], [-1.361889, -1.332724, -0.053949], [-1.716105, -1.138578, 0.013960], [-1.769480, -1.045098, 0.126799], [-1.780175, -1.033002, 0.144135], [-1.800218, -1.016500, 0.152478], [-1.848610, -0.980729, 0.169479], [-1.875918, -1.080800, 0.098449], [-1.920274, -1.075789, 0.113517], [-1.934621, -1.050919, 0.116450], [-1.938001, -0.989679, 0.112519], [-1.884904, -1.089348, 0.053078], [-1.929927, -1.074818, 0.067526], [-1.949492, -1.048169, 0.072434], [-1.962521, -1.005526, 0.074024], [-1.873327, -1.093058, 0.008092], [-1.902425, -1.075217, 0.016981], [-1.921825, -1.053521, 0.022433], [-1.949567, -1.013471, 0.029791], [-1.848494, -1.093620, -0.024860], [-1.872614, -1.071440, -0.019092], [-1.894469, -1.051340, -0.013866], [-1.938660, -1.014596, -0.003066], [-0.706346, -0.486281, -0.146370], [-0.880919, -0.301045, -0.633662], [-0.923500, -0.092548, -0.667197], [-0.916228, -0.022542, -0.601064], [-0.994940, -0.718200, 0.338798], [-1.036286, -0.179612, 0.236549], [-1.034936, -0.018770, 0.379856], [-1.014975, -0.019336, 0.474347]]
FRAME: 6 l_knee_foot: {[0.986053,0.157280,0.054433,],[0.011016,0.264661,-0.964279,],[-0.166068,0.951429,0.259237,]}, l_hip_knee: {[-0.296991,-0.924343,-0.239553,],[0.925091,-0.216349,-0.312090,],[0.236651,-0.314296,0.919355,]}, r_knee_foot: {[0.982444,0.180271,0.048017,],[0.026689,0.118921,-0.992545,],[-0.184637,0.976402,0.112022,]}, r_hip_knee: {[-0.601867,-0.792283,-0.100222,],[0.773911,-0.547689,-0.317961,],[0.197024,-0.268933,0.942792,]}, l_elbow_hand: {[0.134610,-0.182777,-0.973896,],[0.079781,0.981649,-0.173205,],[0.987682,-0.054383,0.146722,]}, l_should_elbow: {[-0.716615,-0.299837,-0.629731,],[0.016269,0.895449,-0.444868,],[0.697280,-0.329043,-0.636814,]}, r_elbow_hand: {[-0.479511,0.838833,0.257737,],[0.194692,-0.184692,0.963319,],[0.855666,0.512102,-0.074753,]}, r_should_elbow: {[-0.520378,0.408508,-0.749885,],[0.320283,0.907414,0.272065,],[0.791597,-0.098599,-0.603036,]}, l_spine_should: {[-0.942126,0.286967,-0.173345,],[-0.115205,0.208452,0.971224,],[0.314843,0.934985,-0.163328,]}, r_spine_should: {[-0.977467,-0.067869,0.199877,],[0.209261,-0.187332,0.959748,],[-0.027694,0.979949,0.197313,]}, hip_spine: {[0.940070,-0.235086,-0.246987,],[-0.098727,-0.880972,0.462753,],[-0.326376,-0.410636,-0.851385,]}
FRAME: 7 l_knee_foot: {[0.990669,0.127215,0.048896,],[0.000782,0.353461,-0.935449,],[-0.136286,0.926759,0.350064,]}, l_hip_knee: {[-0.310792,-0.932232,-0.185343,],[0.923320,-0.249836,-0.291653,],[0.225583,-0.261775,0.938396,]}, r_knee_foot: {[0.984559,0.169257,0.044668,],[0.023508,0.125017,-0.991876,],[-0.173466,0.977611,0.119107,]}, r_hip_knee: {[-0.600647,-0.789525,-0.125988,],[0.774797,-0.535926,-0.335370,],[0.197263,-0.299054,0.933624,]}, l_elbow_hand: {[0.063181,-0.196809,-0.978404,],[0.070980,0.978766,-0.192299,],[0.995475,-0.057297,0.075809,]}, l_should_elbow: {[-0.719328,-0.302243,-0.625473,],[-0.022640,0.910109,-0.413749,],[0.694301,-0.283461,-0.661510,]}, r_elbow_hand: {[-0.504403,0.808730,0.302543,],[0.208604,-0.225870,0.951560,],[0.837891,0.543082,-0.054775,]}, r_should_elbow: {[-0.536303,0.394428,-0.746194,],[0.276304,0.917420,0.286350,],[0.797518,-0.052606,-0.600998,]}, l_spine_should: {[-0.933711,0.310943,-0.177478,],[-0.078438,0.306008,0.948792,],[0.349330,0.899818,-0.261334,]}, r_spine_should: {[-0.973652,-0.063805,0.218930,],[0.225721,-0.406171,0.885480,],[0.032424,0.911567,0.409871,]}, hip_spine: {[0.914394,-0.267052,-0.304247,],[-0.139031,-0.913001,0.383536,],[-0.380202,-0.308404,-0.871971,]}
FRAME: 8 l_knee_foot: {[0.990511,0.128556,0.048593,],[0.001564,0.343008,-0.939331,],[-0.137424,0.930494,0.339553,]}, l_hip_knee: {[-0.310668,-0.932054,-0.186441,],[0.923311,-0.249320,-0.292124,],[0.225792,-0.262897,0.938031,]}, r_knee_foot: {[0.986919,0.155902,0.041057,],[0.019364,0.138194,-0.990216,],[-0.160051,0.978058,0.133367,]}, r_hip_knee: {[-0.596157,-0.791346,-0.135526,],[0.778093,-0.527860,-0.340493,],[0.197909,-0.308439,0.930429,]}, l_elbow_hand: {[0.021392,-0.237778,-0.971084,],[0.044325,0.970577,-0.236677,],[0.998788,-0.037980,0.031302,]}, l_should_elbow: {[-0.712992,-0.308649,-0.629585,],[-0.099794,0.933433,-0.344593,],[0.694034,-0.182864,-0.696332,]}, r_elbow_hand: {[-0.500485,0.813572,0.296000,],[0.246999,-0.193507,0.949498,],[0.829763,0.548321,-0.104105,]}, r_should_elbow: {[-0.551234,0.398364,-0.733108,],[0.284920,0.915713,0.283355,],[0.784195,-0.052682,-0.618274,]}, l_spine_should: {[-0.934876,0.309421,-0.173971,],[-0.073831,0.309884,0.947903,],[0.347212,0.899016,-0.266858,]}, r_spine_should: {[-0.973102,-0.067225,0.220350,],[0.228668,-0.398109,0.888381,],[0.028002,0.914872,0.402773,]}, hip_spine: {[0.918649,-0.259610,-0.297802,],[-0.136064,-0.915575,0.378430,],[-0.370904,-0.307124,-0.876416,]}
FRAME: 9 l_knee_foot: {[0.992131,0.117697,0.042702,],[0.000413,0.337979,-0.941154,],[-0.125203,0.933765,0.335271,]}, l_hip_knee: {[-0.318538,-0.928179,-0.192397,],[0.920438,-0.254357,-0.296811,],[0.226556,-0.271636,0.935354,]}, r_knee_foot: {[0.987915,0.149036,0.042575,],[0.014983,0.181568,-0.983264,],[-0.154272,0.972019,0.177140,]}, r_hip_knee: {[-0.590348,-0.786855,-0.179857,],[0.782181,-0.502707,-0.368074,],[0.199206,-0.357973,0.912235,]}, l_elbow_hand: {[0.041001,-0.259815,-0.964788,],[0.030974,0.965466,-0.258681,],[0.998679,-0.019277,0.047633,]}, l_should_elbow: {[-0.693175,-0.315534,-0.648033,],[-0.202738,0.948141,-0.244799,],[0.691669,-0.038307,-0.721198,]}, r_elbow_hand: {[-0.497760,0.817025,0.291041,],[0.290641,-0.159034,0.943523,],[0.817167,0.554237,-0.158301,]}, r_should_elbow: {[-0.575079,0.400166,-0.713548,],[0.286516,0.915481,0.282496,],[0.766285,-0.041985,-0.641128,]}, l_spine_should: {[-0.936676,0.304712,-0.172595,],[-0.080572,0.292112,0.952984,],[0.340803,0.906544,-0.249063,]}, r_spine_should: {[-0.973910,-0.067601,0.216633,],[0.226371,-0.356679,0.906386,],[0.015996,0.931778,0.362676,]}, hip_spine: {[0.931148,-0.237289,-0.276871,],[-0.125687,-0.921624,0.367166,],[-0.342296,-0.307087,-0.887993,]}
FRAME: 10 l_knee_foot: {[0.992911,0.112177,0.039303,],[0.000063,0.330163,-0.943924,],[-0.118863,0.937234,0.327816,]}, l_hip_knee: {[-0.323515,-0.924789,-0.200257,],[0.918407,-0.255954,-0.301689,],[0.227742,-0.281519,0.932138,]}, r_knee_foot: {[0.988522,0.144481,0.044150,],[0.011751,0.217816,-0.975919,],[-0.150618,0.965236,0.213618,]}, r_hip_knee: {[-0.583420,-0.788687,-0.193892,],[0.787017,-0.490048,-0.374777,],[0.200565,-0.371249,0.906614,]}, l_elbow_hand: {[0.049307,-0.263981,-0.963267,],[0.028634,0.964417,-0.262831,],[0.998373,-0.014622,0.055111,]}, l_should_elbow: {[-0.683920,-0.316563,-0.657298,],[-0.233719,0.948542,-0.213644,],[0.691107,0.007508,-0.722713,]}, r_elbow_hand: {[-0.494400,0.821543,0.283963,],[0.308935,-0.139278,0.940830,],[0.812482,0.552873,-0.184945,]}, r_should_elbow: {[-0.581426,0.400324,-0.708297,],[0.286224,0.915566,0.282516,],[0.761590,-0.038470,-0.646916,]}, l_spine_should: {[-0.936164,0.305585,-0.173825,],[-0.081515,0.292285,0.952851,],[0.341983,0.906194,-0.248717,]}, r_spine_should: {[-0.974044,-0.066453,0.216386,],[0.225622,-0.362152,0.904401,],[0.018265,0.929747,0.367745,]}, hip_spine: {[0.939526,-0.222728,-0.260161,],[-0.116073,-0.921767,0.369962,],[-0.322209,-0.317391,-0.891877,]}
FRAME: 11 l_knee_foot: {[0.990723,0.129410,0.041482,],[0.006420,0.260334,-0.965497,],[-0.135745,0.956807,0.257088,]}, l_hip_knee: {[-0.320486,-0.919138,-0.229070,],[0.918112,-0.241887,-0.313943,],[0.233148,-0.310927,0.921394,]}, r_knee_foot: {[0.987610,0.150518,0.044386,],[0.014488,0.194183,-0.980858,],[-0.156256,0.969349,0.189596,]}, r_hip_knee: {[-0.578867,-0.795056,-0.181103,],[0.790244,-0.492219,-0.365012,],[0.201063,-0.354410,0.913218,]}, l_elbow_hand: {[0.002798,-0.250256,-0.968176,],[0.035632,0.967590,-0.250001,],[0.999361,-0.033799,0.011625,]}, l_should_elbow: {[-0.692507,-0.316949,-0.648056,],[-0.228088,0.948431,-0.220122,],[0.684404,-0.004623,-0.729088,]}, r_elbow_hand: {[-0.493857,0.822247,0.282872,],[0.297390,-0.145978,0.943530,],[0.817108,0.550092,-0.172435,]}, r_should_elbow: {[-0.572015,0.402384,-0.714763,],[0.292840,0.914160,0.280280,],[0.766188,-0.048987,-0.640747,]}, l_spine_should: {[-0.927922,0.323446,-0.185316,],[-0.067870,0.342231,0.937161,],[0.366542,0.882191,-0.295612,]}, r_spine_should: {[-0.971703,-0.060854,0.228233,],[0.226104,-0.519204,0.824199,],[0.068344,0.852481,0.518272,]}, hip_spine: {[0.954482,-0.197397,-0.223602,],[-0.092359,-0.908426,0.407716,],[-0.283608,-0.368506,-0.885308,]}
FRAME: 12 l_knee_foot: {[0.989551,0.137517,0.043342,],[0.008991,0.241162,-0.970443,],[-0.143905,0.960692,0.237405,]}, l_hip_knee: {[-0.319455,-0.915479,-0.244638,],[0.917724,-0.234578,-0.320556,],[0.236075,-0.326913,0.915094,]}, r_knee_foot: {[0.986771,0.155459,0.045992,],[0.015801,0.190120,-0.981634,],[-0.161348,0.969375,0.185149,]}, r_hip_knee: {[-0.575961,-0.799428,-0.170834,],[0.792310,-0.494449,-0.357442,],[0.201280,-0.341226,0.918178,]}, l_elbow_hand: {[0.011476,-0.244398,-0.969607,],[0.039740,0.969016,-0.243779,],[0.999144,-0.035735,0.020833,]}, l_should_elbow: {[-0.679627,-0.315375,-0.662303,],[-0.215432,0.948862,-0.230761,],[0.701210,-0.014150,-0.712814,]}, r_elbow_hand: {[-0.496061,0.819308,0.287503,],[0.287693,-0.157322,0.944713,],[0.819241,0.551348,-0.157668,]}, r_should_elbow: {[-0.570245,0.403902,-0.715321,],[0.297155,0.913231,0.278763,],[0.765846,-0.053598,-0.640787,]}, l_spine_should: {[-0.923032,0.332724,-0.193148,],[-0.062975,0.364605,0.929030,],[0.379534,0.869688,-0.315589,]}, r_spine_should: {[-0.969898,-0.059187,0.236211,],[0.222704,-0.607952,0.762101,],[0.098498,0.791765,0.602832,]}, hip_spine: {[0.961043,-0.184577,-0.205739,],[-0.080968,-0.899696,0.428942,],[-0.264275,-0.395573,-0.879591,]}
FRAME: 13 l_knee_foot: {[0.989645,0.137027,0.042731,],[0.009157,0.236827,-0.971509,],[-0.143243,0.961840,0.233120,]}, l_hip_knee: {[-0.317445,-0.916634,-0.242920,],[0.918465,-0.233478,-0.319234,],[0.235905,-0.324453,0.916013,]}, r_knee_foot: {[0.985068,0.166577,0.043502,],[0.022980,0.123201,-0.992116,],[-0.170624,0.978301,0.117534,]}, r_hip_knee: {[-0.575113,-0.801382,-0.164411,],[0.792932,-0.496624,-0.353020,],[0.201254,-0.333393,0.921057,]}, l_elbow_hand: {[-0.035646,-0.237954,-0.970622,],[0.042039,0.970023,-0.239351,],[0.998480,-0.049336,-0.024574,]}, l_should_elbow: {[-0.704106,-0.316885,-0.635467,],[-0.215531,0.948058,-0.233951,],[0.676595,-0.027764,-0.735831,]}, r_elbow_hand: {[-0.489656,0.827708,0.274109,],[0.292651,-0.140122,0.945897,],[0.821336,0.543382,-0.173618,]}, r_should_elbow: {[-0.564983,0.403433,-0.719748,],[0.296673,0.913302,0.279044,],[0.769922,-0.055875,-0.635687,]}, l_spine_should: {[-0.926026,0.326016,-0.190236,],[-0.073185,0.339350,0.937809,],[0.370297,0.882358,-0.290388,]}, r_spine_should: {[-0.971980,-0.056696,0.228123,],[0.221972,-0.540726,0.811384,],[0.077350,0.839286,0.538160,]}, hip_spine: {[0.962230,-0.181361,-0.203030,],[-0.079765,-0.900874,0.426689,],[-0.260289,-0.394378,-0.881315,]}
FRAME: 14 l_knee_foot: {[0.989130,0.139967,0.045064,],[0.009021,0.248129,-0.968685,],[-0.146766,0.958562,0.244169,]}, l_hip_knee: {[-0.317481,-0.915788,-0.246046,],[0.918304,-0.232213,-0.320615,],[0.236481,-0.327734,0.914695,]}, r_knee_foot: {[0.986422,0.159485,0.039200,],[0.022417,0.105701,-0.994145,],[-0.162694,0.981525,0.100691,]}, r_hip_knee: {[-0.572609,-0.805876,-0.150606,],[0.794741,-0.500543,-0.343283,],[0.201259,-0.316260,0.927078,]}, l_elbow_hand: {[-0.021664,-0.235011,-0.971751,],[0.044541,0.970787,-0.235771,],[0.998773,-0.048390,-0.010564,]}, l_should_elbow: {[-0.699735,-0.316018,-0.640705,],[-0.205694,0.947984,-0.242932,],[0.684149,-0.038199,-0.728341,]}, r_elbow_hand: {[-0.485551,0.832861,0.265673,],[0.287725,-0.134720,0.948190,],[0.825502,0.536836,-0.174222,]}, r_should_elbow: {[-0.547409,0.398624,-0.735828,],[0.286277,0.915417,0.282942,],[0.786377,-0.055765,-0.615224,]}, l_spine_should: {[-0.929349,0.315794,-0.191270,],[-0.099775,0.283965,0.953629,],[0.355465,0.905338,-0.232394,]}, r_spine_should: {[-0.976054,-0.049674,0.211778,],[0.212602,-0.423821,0.880441,],[0.046021,0.904382,0.424234,]}, hip_spine: {[0.966229,-0.172714,-0.191234,],[-0.072323,-0.894065,0.442059,],[-0.247325,-0.413300,-0.876364,]}
FRAME: 15 l_knee_foot: {[0.988691,0.142584,0.046472,],[0.009331,0.250795,-0.967995,],[-0.149676,0.957482,0.246628,]}, l_hip_knee: {[-0.316758,-0.916378,-0.244777,],[0.918601,-0.232088,-0.319855,],[0.236298,-0.326169,0.915301,]}, r_knee_foot: {[0.986579,0.158500,0.039238,],[0.021900,0.109689,-0.993725,],[-0.161810,0.981247,0.104746,]}, r_hip_knee: {[-0.571753,-0.808209,-0.141056,],[0.795391,-0.503905,-0.336797,],[0.201123,-0.304759,0.930952,]}, l_elbow_hand: {[-0.005782,-0.243636,-0.969850,],[0.039572,0.969050,-0.243671,],[0.999200,-0.039788,0.004038,]}, l_should_elbow: {[-0.698574,-0.316716,-0.641627,],[-0.217612,0.948269,-0.231153,],[0.681645,-0.021852,-0.731357,]}, r_elbow_hand: {[-0.488249,0.829400,0.271494,],[0.279803,-0.145899,0.948906,],[0.826633,0.539268,-0.160834,]}, r_should_elbow: {[-0.555306,0.384584,-0.737381,],[0.245786,0.922939,0.296266,],[0.794496,-0.016720,-0.607039,]}, l_spine_should: {[-0.932186,0.306488,-0.192598,],[-0.122730,0.232946,0.964714,],[0.340538,0.922931,-0.179533,]}, r_spine_should: {[-0.979330,-0.046976,0.196740,],[0.201610,-0.305263,0.930681,],[0.016338,0.951109,0.308424,]}, hip_spine: {[0.971188,-0.158111,-0.178311,],[-0.066288,-0.897915,0.435149,],[-0.228910,-0.410791,-0.882525,]}
FRAME: 16 l_knee_foot: {[0.988504,0.143464,0.047737,],[0.008919,0.259846,-0.965609,],[-0.150934,0.954934,0.255579,]}, l_hip_knee: {[-0.317378,-0.916687,-0.242808,],[0.918492,-0.233463,-0.319166,],[0.235889,-0.324313,0.916066,]}, r_knee_foot: {[0.986556,0.158482,0.039876,],[0.021451,0.116318,-0.992980,],[-0.162008,0.980486,0.111354,]}, r_hip_knee: {[-0.570875,-0.809491,-0.137206,],[0.796021,-0.504760,-0.334018,],[0.201129,-0.299901,0.932527,]}, l_elbow_hand: {[0.005669,-0.249985,-0.968233,],[0.035922,0.967675,-0.249631,],[0.999339,-0.033365,0.014466,]}, l_should_elbow: {[-0.698945,-0.317062,-0.641052,],[-0.222668,0.948280,-0.226238,],[0.679628,-0.015386,-0.733395,]}, r_elbow_hand: {[-0.489548,0.827752,0.274171,],[0.279220,-0.149059,0.948587,],[0.826062,0.540933,-0.158154,]}, r_should_elbow: {[-0.560185,0.377250,-0.737479,],[0.224750,0.926103,0.303020,],[0.797295,0.003999,-0.603576,]}, l_spine_should: {[-0.934386,0.299097,-0.193556,],[-0.139270,0.193404,0.971184,],[0.327913,0.934417,-0.139059,]}, r_spine_should: {[-0.981421,-0.047686,0.185844,],[0.191735,-0.208214,0.959106,],[-0.007040,0.976920,0.213489,]}, hip_spine: {[0.972681,-0.153048,-0.174553,],[-0.064873,-0.901150,0.428627,],[-0.222899,-0.405594,-0.886459,]}
FRAME: 17 l_knee_foot: {[0.988344,0.143828,0.049904,],[0.007677,0.280300,-0.959882,],[-0.152046,0.949076,0.275928,]}, l_hip_knee: {[-0.317649,-0.915939,-0.245265,],[0.918286,-0.232690,-0.320321,],[0.236324,-0.326973,0.915008,]}, r_knee_foot: {[0.986284,0.160045,0.040365,],[0.021892,0.115547,-0.993061,],[-0.163598,0.980324,0.110458,]}, r_hip_knee: {[-0.570091,-0.809965,-0.137674,],[0.796556,-0.503865,-0.334094,],[0.201235,-0.300129,0.932431,]}, l_elbow_hand: {[-0.001716,-0.246700,-0.969090,],[0.037751,0.968385,-0.246587,],[0.999286,-0.037007,0.007651,]}, l_should_elbow: {[-0.687952,-0.316632,-0.653044,],[-0.228620,0.948547,-0.219068,],[0.688807,-0.001409,-0.724943,]}, r_elbow_hand: {[-0.492837,0.823469,0.281088,],[0.260103,-0.168851,0.950703,],[0.830336,0.541653,-0.130970,]}, r_should_elbow: {[-0.562319,0.373592,-0.737717,],[0.214337,0.927485,0.306318,],[0.798660,0.014129,-0.601617,]}, l_spine_should: {[-0.933635,0.297599,-0.199403,],[-0.155751,0.164047,0.974079,],[0.322596,0.940491,-0.106809,]}, r_spine_should: {[-0.983548,-0.044141,0.175170,],[0.179818,-0.146511,0.972728,],[-0.017273,0.988224,0.152038,]}, hip_spine: {[0.980610,-0.127172,-0.149104,],[-0.051825,-0.902041,0.428528,],[-0.188995,-0.412491,-0.891141,]}
FRAME: 18 l_knee_foot: {[0.982440,0.176768,0.059713,],[0.016816,0.234848,-0.971887,],[-0.185822,0.955824,0.227752,]}, l_hip_knee: {[-0.313662,-0.911533,-0.265940,],[0.918574,-0.220355,-0.328123,],[0.240493,-0.347205,0.906428,]}, r_knee_foot: {[0.984049,0.172836,0.042128,],[0.027084,0.088499,-0.995708,],[-0.175823,0.980967,0.082406,]}, r_hip_knee: {[-0.570003,-0.810858,-0.132685,],[0.796650,-0.505884,-0.330802,],[0.201110,-0.294262,0.934326,]}, l_elbow_hand: {[-0.077240,-0.233842,-0.969202,],[0.042833,0.970430,-0.237552,],[0.996092,-0.059862,-0.064940,]}, l_should_elbow: {[-0.694779,-0.317108,-0.645543,],[-0.227966,0.948370,-0.220512,],[0.682139,-0.006045,-0.731197,]}, r_elbow_hand: {[-0.470313,0.850052,0.237104,],[0.248685,-0.130126,0.959804,],[0.846736,0.510372,-0.150195,]}, r_should_elbow: {[-0.516605,0.387462,-0.763539,],[0.259471,0.920664,0.291640,],[0.815962,-0.047453,-0.576154,]}, l_spine_should: {[-0.930662,0.298535,-0.211530,],[-0.183251,0.120074,0.975706,],[0.316681,0.946815,-0.057042,]}, r_spine_should: {[-0.987195,-0.037908,0.154948,],[0.156475,-0.041315,0.986818,],[-0.031007,0.998427,0.046717,]}, hip_spine: {[0.987935,-0.101719,-0.116778,],[-0.032191,-0.872460,0.487624,],[-0.151485,-0.477982,-0.865208,]}
FRAME: 19 l_knee_foot: {[0.979707,0.189765,0.064524,],[0.019850,0.228480,-0.973346,],[-0.199450,0.954875,0.220077,]}, l_hip_knee: {[-0.312267,-0.909745,-0.273593,],[0.918639,-0.215787,-0.330965,],[0.242056,-0.354683,0.903111,]}, r_knee_foot: {[0.982900,0.178933,0.043477,],[0.029221,0.081552,-0.996241,],[-0.181806,0.980476,0.074929,]}, r_hip_knee: {[-0.570068,-0.810911,-0.132083,],[0.796609,-0.506194,-0.330426,],[0.201087,-0.293584,0.934544,]}, l_elbow_hand: {[-0.083215,-0.224790,-0.970848,],[0.048584,0.972153,-0.229256,],[0.995347,-0.066245,-0.069977,]}, l_should_elbow: {[-0.696658,-0.317699,-0.643222,],[-0.235291,0.948188,-0.213489,],[0.677721,0.002615,-0.735314,]}, r_elbow_hand: {[-0.467088,0.853264,0.231882,],[0.235869,-0.132506,0.962708,],[0.852170,0.504364,-0.139367,]}, r_should_elbow: {[-0.509676,0.394493,-0.764594,],[0.281951,0.916195,0.284764,],[0.812855,-0.070441,-0.578191,]}, l_spine_should: {[-0.929479,0.298414,-0.216833,],[-0.196453,0.097062,0.975697,],[0.312208,0.949488,-0.031593,]}, r_spine_should: {[-0.988840,-0.037498,0.144190,],[0.143269,0.026195,0.989337,],[-0.040875,0.998953,-0.020531,]}, hip_spine: {[0.989573,-0.093996,-0.109137,],[-0.028261,-0.869694,0.492781,],[-0.141235,-0.484559,-0.863282,]}
FRAME: 20 l_knee_foot: {[0.978479,0.195330,0.066522,],[0.021198,0.225524,-0.974007,],[-0.205255,0.954455,0.216530,]}, l_hip_knee: {[-0.311924,-0.905841,-0.286628,],[0.918092,-0.209716,-0.336342,],[0.244562,-0.368064,0.897061,]}, r_knee_foot: {[0.982929,0.178738,0.043626,],[0.029016,0.083550,-0.996081,],[-0.181682,0.980343,0.076937,]}, r_hip_knee: {[-0.570062,-0.811616,-0.127707,],[0.796643,-0.508005,-0.327551,],[0.200969,-0.288461,0.936163,]}, l_elbow_hand: {[-0.061191,-0.229758,-0.971322,],[0.046309,0.971444,-0.232704,],[0.997051,-0.059220,-0.048803,]}, l_should_elbow: {[-0.687480,-0.317117,-0.653305,],[-0.238494,0.948312,-0.209345,],[0.685924,0.011888,-0.727576,]}, r_elbow_hand: {[-0.471111,0.848572,0.240792,],[0.220163,-0.151222,0.963670,],[0.854156,0.507009,-0.115582,]}, r_should_elbow: {[-0.516803,0.395987,-0.759018,],[0.284741,0.915626,0.283815,],[0.807364,-0.069447,-0.585952,]}, l_spine_should: {[-0.928700,0.297474,-0.221415,],[-0.209307,0.072387,0.975167,],[0.306115,0.951982,-0.004962,]}, r_spine_should: {[-0.990256,-0.039673,0.133483,],[0.128712,0.105084,0.986099,],[-0.053148,0.993672,-0.098953,]}, hip_spine: {[0.993845,-0.069570,-0.086211,],[-0.016995,-0.864751,0.501914,],[-0.109469,-0.497360,-0.860610,]}
FRAME: 21 l_knee_foot: {[0.976607,0.202955,0.071047,],[0.021787,0.235307,-0.971677,],[-0.213924,0.950495,0.225380,]}, l_hip_knee: {[-0.309767,-0.906775,-0.286014,],[0.918800,-0.208074,-0.335428,],[0.244645,-0.366694,0.897599,]}, r_knee_foot: {[0.979352,0.195374,0.051957,],[0.031539,0.106201,-0.993844,],[-0.199689,0.974962,0.097846,]}, r_hip_knee: {[-0.571561,-0.810885,-0.125628,],[0.795624,-0.510204,-0.326610,],[0.200748,-0.286631,0.936773,]}, l_elbow_hand: {[-0.062252,-0.232878,-0.970511,],[0.044194,0.970800,-0.235783,],[0.997082,-0.057568,-0.050142,]}, l_should_elbow: {[-0.679798,-0.316889,-0.661404,],[-0.248845,0.947998,-0.198436,],[0.689892,0.029691,-0.723304,]}, r_elbow_hand: {[-0.476694,0.842237,0.251793,],[0.210905,-0.168489,0.962876,],[0.853395,0.512101,-0.097314,]}, r_should_elbow: {[-0.520566,0.398465,-0.755140,],[0.291158,0.914257,0.281712,],[0.802644,-0.073216,-0.591948,]}, l_spine_should: {[-0.927964,0.299076,-0.222342,],[-0.209002,0.076311,0.974933,],[0.308546,0.951173,-0.008306,]}, r_spine_should: {[-0.990366,-0.037761,0.133227,],[0.129198,0.094244,0.987130,],[-0.049831,0.994833,-0.088457,]}, hip_spine: {[0.995656,-0.055882,-0.074469,],[-0.011719,-0.868699,0.495202,],[-0.092364,-0.492178,-0.865580,]}
FRAME: 22 l_knee_foot: {[0.976425,0.203284,0.072595,],[0.020858,0.245883,-0.969075,],[-0.214848,0.947743,0.235846,]}, l_hip_knee: {[-0.307720,-0.906443,-0.289258,],[0.919271,-0.204805,-0.336149,],[0.245458,-0.369346,0.896289,]}, r_knee_foot: {[0.978396,0.199292,0.054999,],[0.031353,0.119921,-0.992288,],[-0.204351,0.972575,0.111082,]}, r_hip_knee: {[-0.574518,-0.808913,-0.124855,],[0.793580,-0.513165,-0.326945,],[0.200399,-0.286918,0.936760,]}, l_elbow_hand: {[-0.059731,-0.238412,-0.969325,],[0.040644,0.969673,-0.241002,],[0.997387,-0.053792,-0.048230,]}, l_should_elbow: {[-0.679821,-0.317400,-0.661136,],[-0.259871,0.947256,-0.187545,],[0.685792,0.044313,-0.726448,]}, r_elbow_hand: {[-0.481460,0.836723,0.260943,],[0.202389,-0.183540,0.961952,],[0.852781,0.515953,-0.080976,]}, r_should_elbow: {[-0.520583,0.400590,-0.754003,],[0.297347,0.912881,0.279703,],[0.800361,-0.078592,-0.594344,]}, l_spine_should: {[-0.927678,0.299717,-0.222672,],[-0.208766,0.078082,0.974843,],[0.309563,0.950828,-0.009864,]}, r_spine_should: {[-0.990394,-0.036970,0.133242,],[0.129535,0.089098,0.987564,],[-0.048382,0.995336,-0.083453,]}, hip_spine: {[0.996603,-0.047512,-0.067263,],[-0.008474,-0.871614,0.490120,],[-0.081914,-0.487885,-0.869056,]}
FRAME: 23 l_knee_foot: {[0.978740,0.192954,0.069542,],[0.017915,0.257338,-0.966155,],[-0.204319,0.946861,0.248411,]}, l_hip_knee: {[-0.315091,-0.904721,-0.286702,],[0.917086,-0.212495,-0.337342,],[0.244278,-0.369224,0.896662,]}, r_knee_foot: {[0.976828,0.207073,0.054117,],[0.035964,0.090452,-0.995251,],[-0.210984,0.974135,0.080909,]}, r_hip_knee: {[-0.576126,-0.806669,-0.131772,],[0.792420,-0.511718,-0.331987,],[0.200373,-0.295686,0.934035,]}, l_elbow_hand: {[-0.055626,-0.243653,-0.968266,],[0.037366,0.968580,-0.245878,],[0.997752,-0.049858,-0.044774,]}, l_should_elbow: {[-0.674612,-0.317975,-0.666176,],[-0.288373,0.944276,-0.158692,],[0.679514,0.085051,-0.728716,]}, r_elbow_hand: {[-0.483145,0.834832,0.263867,],[0.206465,-0.184241,0.960951,],[0.850848,0.518758,-0.083349,]}, r_should_elbow: {[-0.521564,0.402731,-0.752183,],[0.303324,0.911519,0.277718,],[0.797475,-0.083308,-0.597573,]}, l_spine_should: {[-0.927309,0.299442,-0.224571,],[-0.213970,0.068190,0.974457,],[0.307106,0.951675,0.000839,]}, r_spine_should: {[-0.990946,-0.038226,0.128704,],[0.123147,0.123102,0.984724,],[-0.053486,0.991658,-0.117280,]}, hip_spine: {[0.996966,-0.043941,-0.064246,],[-0.007145,-0.873585,0.486619,],[-0.077507,-0.484684,-0.871248,]}
FRAME: 24 l_knee_foot: {[0.980289,0.185835,0.067080,],[0.016150,0.263014,-0.964657,],[-0.196910,0.946725,0.254828,]}, l_hip_knee: {[-0.318496,-0.903755,-0.285984,],[0.916031,-0.215839,-0.338084,],[0.243819,-0.369648,0.896612,]}, r_knee_foot: {[0.976465,0.209286,0.052104,],[0.038566,0.068254,-0.996922,],[-0.212198,0.975470,0.058576,]}, r_hip_knee: {[-0.579896,-0.802494,-0.140442,],[0.789735,-0.511378,-0.338836,],[0.200095,-0.307402,0.930304,]}, l_elbow_hand: {[-0.044209,-0.250404,-0.967132,],[0.033451,0.967164,-0.251942,],[0.998462,-0.043490,-0.034381,]}, l_should_elbow: {[-0.669852,-0.317414,-0.671227,],[-0.292432,0.943732,-0.154445,],[0.682482,0.092834,-0.724983,]}, r_elbow_hand: {[-0.483758,0.834206,0.264725,],[0.214196,-0.180426,0.959983,],[0.848586,0.521102,-0.091401,]}, r_should_elbow: {[-0.520303,0.404541,-0.752085,],[0.308875,0.910204,0.275908,],[0.796167,-0.088745,-0.598534,]}, l_spine_should: {[-0.927599,0.298433,-0.224717,],[-0.215965,0.062443,0.974402,],[0.304825,0.952386,0.006529,]}, r_spine_should: {[-0.991062,-0.039849,0.127309,],[0.120540,0.141296,0.982601,],[-0.057144,0.989165,-0.135230,]}, hip_spine: {[0.997442,-0.039008,-0.059890,],[-0.005133,-0.874872,0.484327,],[-0.071289,-0.482781,-0.872834,]}
FRAME: 25 l_knee_foot: {[0.980748,0.183678,0.066304,],[0.015638,0.264572,-0.964239,],[-0.194651,0.946712,0.256606,]}, l_hip_knee: {[-0.317742,-0.903712,-0.286957,],[0.916225,-0.214732,-0.338263,],[0.244073,-0.370398,0.896233,]}, r_knee_foot: {[0.977654,0.204021,0.050682,],[0.036886,0.070866,-0.996804,],[-0.206961,0.976398,0.061756,]}, r_hip_knee: {[-0.582301,-0.799863,-0.145416,],[0.788020,-0.511348,-0.342853,],[0.199877,-0.314234,0.928066,]}, l_elbow_hand: {[-0.085095,-0.247221,-0.965215,],[0.033455,0.967474,-0.250749,],[0.995811,-0.053629,-0.074056,]}, l_should_elbow: {[-0.679896,-0.320125,-0.659743,],[-0.316452,0.939681,-0.129840,],[0.661513,0.120499,-0.740189,]}, r_elbow_hand: {[-0.485881,0.831720,0.268628,],[0.215195,-0.184045,0.959072,],[0.847119,0.523802,-0.089558,]}, r_should_elbow: {[-0.525426,0.408864,-0.746162,],[0.319945,0.907552,0.272003,],[0.788393,-0.095813,-0.607665,]}, l_spine_should: {[-0.928838,0.295354,-0.223666,],[-0.218201,0.051787,0.974529,],[0.299414,0.953983,0.016345,]}, r_spine_should: {[-0.990969,-0.043912,0.126698,],[0.117495,0.170975,0.978244,],[-0.064619,0.984296,-0.164271,]}, hip_spine: {[0.997639,-0.036599,-0.058113,],[-0.004483,-0.879070,0.476672,],[-0.068531,-0.475286,-0.877158,]}
FRAME: 26 l_knee_foot: {[0.980865,0.183032,0.066349,],[0.015293,0.267311,-0.963489,],[-0.194085,0.946068,0.259397,]}, l_hip_knee: {[-0.317907,-0.903630,-0.287034,],[0.916168,-0.214844,-0.338346,],[0.244072,-0.370534,0.896177,]}, r_knee_foot: {[0.975646,0.212643,0.053824,],[0.039045,0.073103,-0.996560,],[-0.215846,0.974392,0.063020,]}, r_hip_knee: {[-0.585858,-0.797748,-0.142717,],[0.785509,-0.515658,-0.342157,],[0.199362,-0.312561,0.928741,]}, l_elbow_hand: {[-0.084332,-0.245734,-0.965662,],[0.034497,0.967813,-0.249294,],[0.995840,-0.054336,-0.073141,]}, l_should_elbow: {[-0.676241,-0.319234,-0.663919,],[-0.311129,0.940673,-0.135402,],[0.667755,0.115000,-0.735444,]}, r_elbow_hand: {[-0.487513,0.829763,0.271705,],[0.212800,-0.188887,0.958665,],[0.846786,0.525180,-0.084489,]}, r_should_elbow: {[-0.527366,0.409530,-0.744426,],[0.321326,0.907227,0.271458,],[0.786534,-0.096046,-0.610033,]}, l_spine_should: {[-0.927907,0.297486,-0.224701,],[-0.217434,0.057757,0.974365,],[0.302838,0.952978,0.011091,]}, r_spine_should: {[-0.991119,-0.041299,0.126405,],[0.118589,0.155619,0.980673,],[-0.060172,0.986953,-0.149340,]}, hip_spine: {[0.997606,-0.036854,-0.058511,],[-0.004750,-0.880668,0.473711,],[-0.068987,-0.472299,-0.878735,]}
FRAME: 27 l_knee_foot: {[0.981307,0.180879,0.065723,],[0.014681,0.270156,-0.962704,],[-0.191888,0.945674,0.262451,]}, l_hip_knee: {[-0.318738,-0.903376,-0.286911,],[0.915907,-0.215636,-0.338550,],[0.243969,-0.370692,0.896140,]}, r_knee_foot: {[0.975543,0.213565,0.052017,],[0.040843,0.056407,-0.997572,],[-0.215981,0.975299,0.046305,]}, r_hip_knee: {[-0.587885,-0.794904,-0.150064,],[0.784037,-0.514215,-0.347663,],[0.199193,-0.322041,0.925533,]}, l_elbow_hand: {[-0.089247,-0.242886,-0.965941,],[0.036145,0.968382,-0.246839,],[0.995354,-0.056944,-0.077646,]}, l_should_elbow: {[-0.675672,-0.319217,-0.664506,],[-0.312950,0.940338,-0.133514,],[0.667480,0.117746,-0.735259,]}, r_elbow_hand: {[-0.486069,0.831531,0.268873,],[0.218863,-0.182033,0.958625,],[0.846071,0.524805,-0.093511,]}, r_should_elbow: {[-0.524322,0.412896,-0.744717,],[0.331689,0.904529,0.267973,],[0.784263,-0.106511,-0.611217,]}, l_spine_should: {[-0.928530,0.295728,-0.224448,],[-0.219551,0.050123,0.974313,],[0.299381,0.953956,0.018387,]}, r_spine_should: {[-0.991141,-0.043851,0.125367,],[0.115741,0.177822,0.977233,],[-0.065145,0.983085,-0.171172,]}, hip_spine: {[0.997711,-0.035639,-0.057471,],[-0.004287,-0.881483,0.472196,],[-0.067488,-0.470868,-0.879618,]}
FRAME: 28 l_knee_foot: {[0.981658,0.179072,0.065424,],[0.014012,0.274469,-0.961494,],[-0.190134,0.944775,0.266926,]}, l_hip_knee: {[-0.319137,-0.903266,-0.286812,],[0.915783,-0.216035,-0.338631,],[0.243912,-0.370727,0.896141,]}, r_knee_foot: {[0.975416,0.214368,0.051090,],[0.041939,0.047024,-0.998013,],[-0.216344,0.975620,0.036878,]}, r_hip_knee: {[-0.588785,-0.793471,-0.154065,],[0.783380,-0.513222,-0.350599,],[0.199120,-0.327119,0.923766,]}, l_elbow_hand: {[-0.091928,-0.240715,-0.966233,],[0.037460,0.968819,-0.244923,],[0.995061,-0.058711,-0.080044,]}, l_should_elbow: {[-0.675024,-0.319198,-0.665173,],[-0.315088,0.939937,-0.131295,],[0.667129,0.120961,-0.735055,]}, r_elbow_hand: {[-0.485825,0.831801,0.268480,],[0.216687,-0.182959,0.958944,],[0.846771,0.524055,-0.091355,]}, r_should_elbow: {[-0.520935,0.416602,-0.745030,],[0.343168,0.901385,0.264084,],[0.781577,-0.118099,-0.612527,]}, l_spine_should: {[-0.928368,0.296402,-0.224226,],[-0.217958,0.054481,0.974436,],[0.301041,0.953508,0.014025,]}, r_spine_should: {[-0.991058,-0.042668,0.126425,],[0.117852,0.164371,0.979333,],[-0.062567,0.985475,-0.157873,]}, hip_spine: {[0.997704,-0.035702,-0.057556,],[-0.004341,-0.881752,0.471693,],[-0.067591,-0.470360,-0.879882,]}
FRAME: 29 l_knee_foot: {[0.981599,0.179677,0.064653,],[0.014834,0.265799,-0.963914,],[-0.190378,0.947136,0.258243,]}, l_hip_knee: {[-0.318876,-0.902894,-0.288273,],[0.915795,-0.215144,-0.339166,],[0.244210,-0.372151,0.895469,]}, r_knee_foot: {[0.975724,0.212582,0.052638,],[0.039880,0.063866,-0.997161,],[-0.215340,0.975054,0.053838,]}, r_hip_knee: {[-0.588693,-0.793497,-0.154286,],[0.783445,-0.513043,-0.350715,],[0.199136,-0.327338,0.923685,]}, l_elbow_hand: {[-0.093570,-0.239961,-0.966263,],[0.037879,0.968960,-0.244298,],[0.994892,-0.059460,-0.081577,]}, l_should_elbow: {[-0.673615,-0.319083,-0.666655,],[-0.318243,0.939325,-0.128026,],[0.667056,0.125918,-0.734289,]}, r_elbow_hand: {[-0.483900,0.834189,0.264518,],[0.227817,-0.171762,0.958435,],[0.844950,0.524048,-0.106927,]}, r_should_elbow: {[-0.529777,0.421928,-0.735740,],[0.355310,0.898095,0.259190,],[0.770124,-0.124103,-0.625705,]}, l_spine_should: {[-0.929395,0.294051,-0.223068,],[-0.218722,0.048033,0.974604,],[0.297298,0.954582,0.019674,]}, r_spine_should: {[-0.990873,-0.045496,0.126885,],[0.116784,0.180330,0.976649,],[-0.067315,0.982553,-0.173371,]}, hip_spine: {[0.998059,-0.031575,-0.053681,],[-0.002442,-0.881129,0.472869,],[-0.062231,-0.471820,-0.879496,]}
FRAME: 30 l_knee_foot: {[0.978986,0.192599,0.067022,],[0.019500,0.238737,-0.970888,],[-0.202993,0.951793,0.229964,]}, l_hip_knee: {[-0.301878,-0.902121,-0.308298,],[0.920054,-0.190968,-0.342098,],[0.249739,-0.386923,0.887649,]}, r_knee_foot: {[0.976836,0.206935,0.054491,],[0.035622,0.093843,-0.994950,],[-0.211003,0.973844,0.084298,]}, r_hip_knee: {[-0.587822,-0.796221,-0.143166,],[0.784105,-0.517193,-0.343059,],[0.199106,-0.313915,0.928339,]}, l_elbow_hand: {[-0.085892,-0.242437,-0.966357,],[0.036628,0.968518,-0.246235,],[0.995631,-0.056546,-0.074308,]}, l_should_elbow: {[-0.667352,-0.317675,-0.673590,],[-0.310901,0.940715,-0.135633,],[0.676743,0.118905,-0.726553,]}, r_elbow_hand: {[-0.488740,0.828318,0.273904,],[0.215933,-0.189336,0.957875,],[0.845285,0.527297,-0.086325,]}, r_should_elbow: {[-0.535826,0.427661,-0.728009,],[0.369074,0.894131,0.253604,],[0.759391,-0.132801,-0.636937,]}, l_spine_should: {[-0.936560,0.271949,-0.221134,],[-0.242341,-0.046598,0.969072,],[0.253234,0.961183,0.109546,]}, r_spine_should: {[-0.989295,-0.074718,0.125347,],[0.086689,0.390055,0.916702,],[-0.117387,0.917755,-0.379402,]}, hip_spine: {[0.998504,-0.026970,-0.047565,],[0.001371,-0.857268,0.514868,],[-0.054663,-0.514163,-0.855949,]}
FRAME: 31 l_knee_foot: {[0.978635,0.194177,0.067593,],[0.019878,0.237858,-0.971096,],[-0.204643,0.951692,0.228917,]}, l_hip_knee: {[-0.293044,-0.901331,-0.318947,],[0.922079,-0.178232,-0.343517,],[0.252776,-0.394760,0.883328,]}, r_knee_foot: {[0.977232,0.204687,0.055868,],[0.033477,0.111264,-0.993227,],[-0.209517,0.972483,0.101879,]}, r_hip_knee: {[-0.587136,-0.797408,-0.139322,],[0.784610,-0.518258,-0.340287,],[0.199143,-0.309109,0.929943,]}, l_elbow_hand: {[-0.081240,-0.243373,-0.966525,],[0.036250,0.968367,-0.246884,],[0.996035,-0.055093,-0.069848,]}, l_should_elbow: {[-0.664834,-0.317006,-0.676389,],[-0.304086,0.941917,-0.142562,],[0.682295,0.110900,-0.722616,]}, r_elbow_hand: {[-0.490769,0.825837,0.277740,],[0.210064,-0.197217,0.957590,],[0.845588,0.528299,-0.076690,]}, r_should_elbow: {[-0.534285,0.430711,-0.727343,],[0.377796,0.891402,0.250345,],[0.756181,-0.141032,-0.638984,]}, l_spine_should: {[-0.937931,0.266955,-0.221407,],[-0.247919,-0.069641,0.966274,],[0.242533,0.961189,0.131501,]}, r_spine_should: {[-0.988656,-0.080940,0.126525,],[0.079961,0.429462,0.899538,],[-0.127146,0.899450,-0.418118,]}, hip_spine: {[0.998662,-0.025136,-0.045198,],[0.002815,-0.846230,0.532809,],[-0.051641,-0.532224,-0.845027,]}
FRAME: 32 l_knee_foot: {[0.978204,0.195932,0.068757,],[0.019927,0.241018,-0.970316,],[-0.206688,0.950537,0.231860,]}, l_hip_knee: {[-0.286160,-0.902016,-0.323233,],[0.923801,-0.170166,-0.342979,],[0.254369,-0.396750,0.881978,]}, r_knee_foot: {[0.976903,0.207744,0.050021,],[0.039288,0.055473,-0.997687,],[-0.210038,0.976609,0.046030,]}, r_hip_knee: {[-0.587836,-0.796970,-0.138880,],[0.784111,-0.519067,-0.340205,],[0.199045,-0.308882,0.930039,]}, l_elbow_hand: {[-0.085310,-0.243011,-0.966265,],[0.036275,0.968400,-0.246750,],[0.995694,-0.056101,-0.073799,]}, l_should_elbow: {[-0.674366,-0.318408,-0.666218,],[-0.299465,0.942653,-0.147399,],[0.674945,0.100108,-0.731045,]}, r_elbow_hand: {[-0.486281,0.831235,0.269404,],[0.213861,-0.185718,0.959048,],[0.847227,0.523982,-0.087457,]}, r_should_elbow: {[-0.531562,0.431866,-0.728652,],[0.381822,0.890065,0.248989,],[0.756078,-0.145862,-0.638021,]}, l_spine_should: {[-0.941248,0.253654,-0.222962,],[-0.262032,-0.132025,0.955986,],[0.213053,0.958243,0.190733,]}, r_spine_should: {[-0.986528,-0.096214,0.132307,],[0.064007,0.517273,0.853424,],[-0.150550,0.850395,-0.504146,]}, hip_spine: {[0.998689,-0.024803,-0.044772,],[0.003073,-0.844105,0.536169,],[-0.051091,-0.535604,-0.842922,]}
FRAME: 33 l_knee_foot: {[0.979253,0.189951,0.070591,],[0.015720,0.276097,-0.961001,],[-0.202033,0.942172,0.267383,]}, l_hip_knee: {[-0.282507,-0.905085,-0.317821,],[0.925130,-0.169469,-0.339726,],[0.253620,-0.390001,0.885198,]}, r_knee_foot: {[0.975367,0.215598,0.046659,],[0.045847,0.008769,-0.998910,],[-0.215772,0.976443,-0.001331,]}, r_hip_knee: {[-0.592634,-0.787794,-0.167826,],[0.780578,-0.510312,-0.360944,],[0.198706,-0.344909,0.917362,]}, l_elbow_hand: {[-0.085038,-0.235359,-0.968181,],[0.041424,0.970026,-0.239446,],[0.995516,-0.060468,-0.072740,]}, l_should_elbow: {[-0.672502,-0.317694,-0.668440,],[-0.289210,0.944174,-0.157777,],[0.681248,0.087214,-0.726839,]}, r_elbow_hand: {[-0.489122,0.827783,0.274835,],[0.203922,-0.197837,0.958789,],[0.848042,0.525010,-0.072037,]}, r_should_elbow: {[-0.529704,0.432429,-0.729670,],[0.383984,0.889329,0.248295,],[0.756287,-0.148659,-0.637127,]}, l_spine_should: {[-0.939073,0.260052,-0.224755,],[-0.260968,-0.113887,0.958606,],[0.223691,0.958855,0.174814,]}, r_spine_should: {[-0.987694,-0.091847,0.126587,],[0.062743,0.508707,0.858651,],[-0.143260,0.856027,-0.496684,]}, hip_spine: {[0.998840,-0.022228,-0.042709,],[0.003930,-0.846459,0.532440,],[-0.047986,-0.531991,-0.845390,]}
FRAME: 34 l_knee_foot: {[0.979026,0.190519,0.072190,],[0.014887,0.286485,-0.957969,],[-0.203193,0.938951,0.277640,]}, l_hip_knee: {[-0.278595,-0.906181,-0.318151,],[0.926191,-0.165862,-0.338616,],[0.254078,-0.389005,0.885505,]}, r_knee_foot: {[0.976264,0.211883,0.044874,],[0.045222,0.003202,-0.998972,],[-0.211809,0.977290,-0.006456,]}, r_hip_knee: {[-0.594514,-0.784602,-0.175935,],[0.779203,-0.508148,-0.366917,],[0.198483,-0.355226,0.913465,]}, l_elbow_hand: {[-0.089007,-0.227916,-0.969604,],[0.046210,0.971475,-0.232597,],[0.994959,-0.065508,-0.075936,]}, l_should_elbow: {[-0.671743,-0.317331,-0.669375,],[-0.282842,0.945014,-0.164160,],[0.684662,0.079054,-0.724561,]}, r_elbow_hand: {[-0.490850,0.825668,0.278097,],[0.194648,-0.207201,0.958739,],[0.849222,0.524728,-0.059010,]}, r_should_elbow: {[-0.527690,0.432597,-0.731029,],[0.385147,0.888906,0.248007,],[0.757103,-0.150683,-0.635681,]}, l_spine_should: {[-0.937962,0.262718,-0.226286,],[-0.262033,-0.109671,0.958807,],[0.227079,0.958619,0.171709,]}, r_spine_should: {[-0.988178,-0.090771,0.123547,],[0.059883,0.513314,0.856109,],[-0.141128,0.853387,-0.501810,]}, hip_spine: {[0.998985,-0.019688,-0.040508,],[0.004927,-0.846233,0.532790,],[-0.044769,-0.532449,-0.845277,]}
FRAME: 35 l_knee_foot: {[0.982664,0.173087,0.066420,],[0.010465,0.305907,-0.952004,],[-0.185098,0.936195,0.298793,]}, l_hip_knee: {[-0.286988,-0.907366,-0.307124,],[0.924473,-0.178345,-0.336961,],[0.250973,-0.380631,0.890018,]}, r_knee_foot: {[0.977478,0.206164,0.045080,],[0.042084,0.018896,-0.998935,],[-0.206796,0.978335,0.009795,]}, r_hip_knee: {[-0.594186,-0.782209,-0.187328,],[0.779413,-0.502429,-0.374273,],[0.198640,-0.368394,0.908200,]}, l_elbow_hand: {[-0.111255,-0.224003,-0.968218,],[0.047694,0.971940,-0.230344,],[0.992647,-0.071805,-0.097449,]}, l_should_elbow: {[-0.695533,-0.320954,-0.642823,],[-0.288190,0.944180,-0.159597,],[0.658164,0.074250,-0.749204,]}, r_elbow_hand: {[-0.492741,0.823387,0.281496,],[0.192369,-0.212417,0.958057,],[0.848646,0.526225,-0.053728,]}, r_should_elbow: {[-0.537853,0.434503,-0.722441,],[0.386736,0.888627,0.246531,],[0.749099,-0.146797,-0.645989,]}, l_spine_should: {[-0.937369,0.266048,-0.224850,],[-0.256148,-0.089011,0.962531,],[0.236065,0.959842,0.151584,]}, r_spine_should: {[-0.988703,-0.085521,0.123093,],[0.067751,0.477562,0.875982,],[-0.133699,0.874426,-0.466373,]}, hip_spine: {[0.999114,-0.016814,-0.038586,],[0.005525,-0.856417,0.516255,],[-0.041726,-0.516011,-0.855566,]}
