[[-0.871807, 1.004028, -0.091635], [-0.868156, 1.075018, -0.074993], [-0.759203, 0.954043, -0.168614], [-1.000827, 0.942095, -0.075842], [-0.866282, 1.145203, -0.026783], [-0.867687, 1.375352, 0.150939], [-0.747090, 1.480674, 0.212327], [-0.998408, 1.466914, 0.213656], [-0.598348, 1.444434, 0.210527], [-0.289858, 1.385612, 0.344428], [-0.381895, 1.338143, 0.740722], [-0.518119, 1.276620, 0.785197], [-0.537750, 1.273629, 0.798115], [-0.558899, 1.270451, 0.815033], [-0.607191, 1.266441, 0.854559], [-0.530043, 1.367797, 0.855567], [-0.562577, 1.396241, 0.874330], [-0.578500, 1.389992, 0.897576], [-0.592208, 1.349709, 0.941922], [-0.491319, 1.385138, 0.875868], [-0.526249, 1.407092, 0.903160], [-0.546459, 1.403136, 0.929484], [-0.564783, 1.382165, 0.964343], [-0.445396, 1.387170, 0.883512], [-0.469705, 1.395156, 0.907787], [-0.488437, 1.394007, 0.930692], [-0.516994, 1.384957, 0.969811], [-0.405526, 1.377922, 0.878251], [-0.423921, 1.380278, 0.905874], [-0.442269, 1.381721, 0.929754], [-0.478391, 1.386857, 0.975453], [-1.135016, 1.401341, 0.191767], [-1.361889, 1.332724, -0.053949], [-1.716105, 1.138578, 0.013960], [-1.769480, 1.045098, 0.126799], [-1.780175, 1.033002, 0.144135], [-1.800218, 1.016500, 0.152478], [-1.848610, 0.980729, 0.169479], [-1.875918, 1.080800, 0.098449], [-1.920274, 1.075789, 0.113517], [-1.934621, 1.050919, 0.116450], [-1.938001, 0.989679, 0.112519], [-1.884904, 1.089348, 0.053078], [-1.929927, 1.074818, 0.067526], [-1.949492, 1.048169, 0.072434], [-1.962521, 1.005526, 0.074024], [-1.873327, 1.093058, 0.008092], [-1.902425, 1.075217, 0.016981], [-1.921825, 1.053521, 0.022433], [-1.949567, 1.013471, 0.029791], [-1.848494, 1.093620, -0.024860], [-1.872614, 1.071440, -0.019092], [-1.894469, 1.051340, -0.013866], [-1.938660, 1.014596, -0.003066], [-0.706346, 0.486281, -0.146370], [-0.880919, 0.301045, -0.633662], [-0.923500, 0.092548, -0.667197], [-0.916228, 0.022542, -0.601064], [-0.994940, 0.718200, 0.338798], [-1.036286, 0.179612, 0.236549], [-1.034936, 0.018770, 0.379856], [-1.014975, 0.019336, 0.474347]]
FRAME: 6 l_knee_foot: {[0.995338,-0.022987,0.093667,],[0.058028,0.918464,-0.391225,],[-0.077036,0.394837,0.915516,]}, l_hip_knee: {[0.577121,-0.811788,-0.089062,],[0.768436,0.576724,-0.277300,],[0.276473,0.091597,0.956646,]}, r_knee_foot: {[0.997077,-0.030940,-0.069859,],[0.062849,0.852064,0.519651,],[0.043446,-0.522523,0.851518,]}, r_hip_knee: {[0.716210,0.660232,0.226134,],[-0.682574,0.595202,0.424062,],[0.145384,-0.458070,0.876947,]}, l_elbow_hand: {[0.767873,0.386317,-0.511009,],[-0.479153,0.875820,-0.057896,],[0.425186,0.289308,0.857623,]}, l_should_elbow: {[0.507355,0.292686,0.810510,],[-0.245143,0.950714,-0.189864,],[-0.826133,-0.102363,0.554099,]}, r_elbow_hand: {[-0.606826,0.056192,0.792846,],[0.278279,0.949385,0.145701,],[-0.744529,0.309047,-0.591748,]}, r_should_elbow: {[0.876257,-0.197196,0.439644,],[0.196459,0.979351,0.047710,],[-0.439974,0.044566,0.896904,]}, l_spine_should: {[0.977682,-0.175666,-0.115236,],[0.173856,0.984437,-0.025659,],[0.117950,0.005052,0.993007,]}, r_spine_should: {[0.956398,0.162422,0.242737,],[-0.168596,0.985674,0.004738,],[-0.238490,-0.045456,0.970081,]}, hip_spine: {[0.997922,-0.041696,-0.049121,],[0.064295,0.693969,0.717129,],[0.004187,-0.718797,0.695208,]}
FRAME: 7 l_knee_foot: {[0.995294,-0.023674,0.093965,],[0.058048,0.922118,-0.382530,],[-0.077591,0.386184,0.919152,]}, l_hip_knee: {[0.577300,-0.812026,-0.085664,],[0.770162,0.576362,-0.273235,],[0.271247,0.091763,0.958126,]}, r_knee_foot: {[0.996852,-0.030213,-0.073305,],[0.065259,0.837740,0.542157,],[0.045030,-0.545234,0.837074,]}, r_hip_knee: {[0.712860,0.665399,0.221528,],[-0.683214,0.587624,0.433494,],[0.158271,-0.460372,0.873503,]}, l_elbow_hand: {[0.783496,0.360159,-0.506379,],[-0.453583,0.888469,-0.069890,],[0.424730,0.284444,0.859474,]}, l_should_elbow: {[0.530291,0.280203,0.800173,],[-0.240247,0.954784,-0.175128,],[-0.813064,-0.099370,0.573631,]}, r_elbow_hand: {[-0.596357,0.075251,0.799184,],[0.303411,0.942868,0.137627,],[-0.743169,0.324556,-0.585118,]}, r_should_elbow: {[0.877216,-0.187463,0.441983,],[0.188684,0.981154,0.041663,],[-0.441464,0.046848,0.896055,]}, l_spine_should: {[0.977310,-0.174151,-0.120567,],[0.172350,0.984711,-0.025291,],[0.123128,0.003937,0.992383,]}, r_spine_should: {[0.957363,0.164233,0.237663,],[-0.169888,0.985458,0.003367,],[-0.233654,-0.043599,0.971342,]}, hip_spine: {[0.998081,-0.039955,-0.047308,],[0.061852,0.679865,0.730724,],[0.002967,-0.732247,0.681032,]}
FRAME: 8 l_knee_foot: {[0.994638,-0.023652,0.100680,],[0.063198,0.909593,-0.410666,],[-0.081865,0.414827,0.906210,]}, l_hip_knee: {[0.588023,-0.804003,-0.088369,],[0.762362,0.587416,-0.271564,],[0.270247,0.092316,0.958355,]}, r_knee_foot: {[0.997008,-0.030600,-0.070986,],[0.063544,0.847355,0.527211,],[0.044018,-0.530145,0.846764,]}, r_hip_knee: {[0.710817,0.667322,0.222308,],[-0.684808,0.584433,0.435289,],[0.160554,-0.461649,0.872412,]}, l_elbow_hand: {[0.788831,0.336289,-0.514447,],[-0.435794,0.896272,-0.082343,],[0.433393,0.289148,0.853559,]}, l_should_elbow: {[0.531222,0.266700,0.804161,],[-0.236969,0.958051,-0.161198,],[-0.813419,-0.104929,0.572137,]}, r_elbow_hand: {[-0.601371,0.086754,0.794246,],[0.315386,0.939136,0.136218,],[-0.734088,0.332411,-0.592130,]}, r_should_elbow: {[0.875009,-0.175989,0.450984,],[0.180098,0.983054,0.034190,],[-0.449359,0.051305,0.891877,]}, l_spine_should: {[0.977356,-0.175069,-0.118852,],[0.173256,0.984547,-0.025502,],[0.121480,0.004332,0.992584,]}, r_spine_should: {[0.957134,0.163220,0.239278,],[-0.169061,0.985598,0.003949,],[-0.235188,-0.044232,0.970943,]}, hip_spine: {[0.998436,-0.036708,-0.042169,],[0.055866,0.684149,0.727199,],[0.002156,-0.728418,0.685130,]}
FRAME: 9 l_knee_foot: {[0.995635,-0.021919,0.090717,],[0.056102,0.917364,-0.394075,],[-0.074583,0.397444,0.914590,]}, l_hip_knee: {[0.588785,-0.803986,-0.083294,],[0.764563,0.587403,-0.265333,],[0.262252,0.092540,0.960552,]}, r_knee_foot: {[0.996499,-0.041162,-0.072773,],[0.073255,0.849394,0.522650,],[0.040300,-0.526151,0.849436,]}, r_hip_knee: {[0.710673,0.667754,0.221468,],[-0.684593,0.583859,0.436396,],[0.162100,-0.461750,0.872073,]}, l_elbow_hand: {[0.799560,0.335260,-0.498302,],[-0.427680,0.900339,-0.080490,],[0.421656,0.277471,0.863259,]}, l_should_elbow: {[0.515786,0.252148,0.818771,],[-0.235280,0.960651,-0.147626,],[-0.823777,-0.116497,0.554815,]}, r_elbow_hand: {[-0.594275,0.098449,0.798213,],[0.330852,0.934537,0.131059,],[-0.733058,0.341976,-0.587944,]}, r_should_elbow: {[0.880038,-0.167085,0.444541,],[0.172244,0.984625,0.029098,],[-0.442568,0.050962,0.895286,]}, l_spine_should: {[0.977956,-0.174628,-0.114484,],[0.172839,0.984621,-0.025447,],[0.117167,0.005099,0.993099,]}, r_spine_should: {[0.956032,0.163424,0.243507,],[-0.169612,0.985501,0.004517,],[-0.239238,-0.045620,0.969889,]}, hip_spine: {[0.998583,-0.035061,-0.040027,],[0.053195,0.676330,0.734676,],[0.001313,-0.735764,0.677237,]}
FRAME: 10 l_knee_foot: {[0.995930,-0.021448,0.087545,],[0.053831,0.920564,-0.386866,],[-0.072293,0.390004,0.917971,]}, l_hip_knee: {[0.589133,-0.804279,-0.077824,],[0.767136,0.586967,-0.258790,],[0.253820,0.092760,0.962793,]}, r_knee_foot: {[0.996062,-0.049545,-0.073528,],[0.080481,0.853187,0.515358,],[0.037199,-0.519246,0.853815,]}, r_hip_knee: {[0.711483,0.667509,0.219601,],[-0.683394,0.584522,0.437386,],[0.163598,-0.461267,0.872049,]}, l_elbow_hand: {[0.801244,0.329531,-0.499417,],[-0.423029,0.902276,-0.083339,],[0.423149,0.278042,0.862344,]}, l_should_elbow: {[0.522892,0.249202,0.815158,],[-0.233811,0.961563,-0.143979,],[-0.819705,-0.115308,0.561060,]}, r_elbow_hand: {[-0.592595,0.103306,0.798849,],[0.336904,0.932617,0.129314,],[-0.731660,0.345766,-0.587468,]}, r_should_elbow: {[0.880594,-0.163856,0.444641,],[0.169614,0.985137,0.027123,],[-0.442477,0.051533,0.895298,]}, l_spine_should: {[0.978163,-0.173922,-0.113788,],[0.172149,0.984746,-0.025306,],[0.116454,0.005165,0.993183,]}, r_spine_should: {[0.955738,0.164094,0.244207,],[-0.170307,0.985381,0.004397,],[-0.239916,-0.045792,0.969713,]}, hip_spine: {[0.998663,-0.034150,-0.038796,],[0.051678,0.672493,0.738297,],[0.000878,-0.739315,0.673359,]}
FRAME: 11 l_knee_foot: {[0.995244,-0.022205,0.094851,],[0.059173,0.911263,-0.407552,],[-0.077384,0.411227,0.908242,]}, l_hip_knee: {[0.589822,-0.803463,-0.080974,],[0.765120,0.588097,-0.262171,],[0.258266,0.092679,0.961618,]}, r_knee_foot: {[0.996232,-0.046879,-0.072971,],[0.077926,0.853179,0.515764,],[0.038079,-0.519507,0.853617,]}, r_hip_knee: {[0.709602,0.668969,0.221235,],[-0.685182,0.581937,0.438036,],[0.164288,-0.462418,0.871309,]}, l_elbow_hand: {[0.806480,0.319576,-0.497455,],[-0.413242,0.906391,-0.087667,],[0.422873,0.276271,0.863049,]}, l_should_elbow: {[0.517696,0.241138,0.820879,],[-0.232589,0.962991,-0.136200,],[-0.823343,-0.120417,0.554623,]}, r_elbow_hand: {[-0.592907,0.105994,0.798264,],[0.339896,0.931607,0.128757,],[-0.730021,0.347668,-0.588384,]}, r_should_elbow: {[0.876707,-0.161241,0.453195,],[0.168297,0.985418,0.025029,],[-0.450623,0.054329,0.891060,]}, l_spine_should: {[0.977725,-0.173842,-0.117611,],[0.172056,0.984763,-0.025253,],[0.120209,0.004455,0.992739,]}, r_spine_should: {[0.956621,0.164385,0.240528,],[-0.170271,0.985390,0.003747,],[-0.236398,-0.044539,0.970635,]}, hip_spine: {[0.998704,-0.033698,-0.038145,],[0.050894,0.671454,0.739296,],[0.000700,-0.740279,0.672299,]}
FRAME: 12 l_knee_foot: {[0.994989,-0.022529,0.097417,],[0.061042,0.908520,-0.413359,],[-0.079192,0.417235,0.905342,]}, l_hip_knee: {[0.590549,-0.802774,-0.082495,],[0.763896,0.589039,-0.263621,],[0.260221,0.092664,0.961092,]}, r_knee_foot: {[0.996151,-0.048143,-0.073255,],[0.079152,0.853113,0.515688,],[0.037668,-0.519501,0.853639,]}, r_hip_knee: {[0.708690,0.669895,0.221358,],[-0.685796,0.580424,0.439081,],[0.165656,-0.462979,0.870752,]}, l_elbow_hand: {[0.808843,0.312616,-0.498040,],[-0.407268,0.908764,-0.091000,],[0.424153,0.276441,0.862366,]}, l_should_elbow: {[0.518028,0.236354,0.822061,],[-0.231474,0.963942,-0.131282,],[-0.823448,-0.122278,0.554059,]}, r_elbow_hand: {[-0.592731,0.106062,0.798387,],[0.340024,0.931571,0.128683,],[-0.730105,0.347745,-0.588235,]}, r_should_elbow: {[0.875180,-0.158641,0.457048,],[0.166563,0.985758,0.023211,],[-0.454220,0.055813,0.889139,]}, l_spine_should: {[0.977506,-0.173583,-0.119797,],[0.171795,0.984811,-0.025177,],[0.122348,0.004030,0.992479,]}, r_spine_should: {[0.957081,0.164762,0.238430,],[-0.170454,0.985360,0.003306,],[-0.234394,-0.043805,0.971154,]}, hip_spine: {[0.998729,-0.033370,-0.037766,],[0.050395,0.668366,0.742124,],[0.000476,-0.743084,0.669198,]}
FRAME: 13 l_knee_foot: {[0.993509,-0.023892,0.111219,],[0.071308,0.892567,-0.445241,],[-0.088633,0.450282,0.888477,]}, l_hip_knee: {[0.597838,-0.795681,-0.097379,],[0.751493,0.598587,-0.277402,],[0.279013,0.092662,0.955806,]}, r_knee_foot: {[0.997381,-0.030271,-0.065689,],[0.058867,0.867421,0.494080,],[0.042024,-0.496653,0.866931,]}, r_hip_knee: {[0.704341,0.672583,0.227017,],[-0.690581,0.575194,0.438464,],[0.164324,-0.465601,0.869605,]}, l_elbow_hand: {[0.794704,0.294915,-0.530538,],[-0.406598,0.907607,-0.104533,],[0.450692,0.298788,0.841191,]}, l_should_elbow: {[0.516965,0.232167,0.823921,],[-0.230666,0.964696,-0.127104,],[-0.824342,-0.124342,0.552267,]}, r_elbow_hand: {[-0.607630,0.108002,0.786842,],[0.337973,0.931695,0.133111,],[-0.718721,0.346814,-0.602628,]}, r_should_elbow: {[0.862136,-0.150994,0.483656,],[0.163229,0.986442,0.016998,],[-0.479665,0.064292,0.875093,]}, l_spine_should: {[0.976987,-0.171745,-0.126489,],[0.169978,0.985138,-0.024718,],[0.128855,0.002648,0.991660,]}, r_spine_should: {[0.958274,0.166943,0.232038,],[-0.172007,0.985094,0.001620,],[-0.228309,-0.041464,0.972705,]}, hip_spine: {[0.998707,-0.033941,-0.037856,],[0.050823,0.687333,0.724562,],[0.001428,-0.725549,0.688169,]}
FRAME: 14 l_knee_foot: {[0.993127,-0.023261,0.114708,],[0.074271,0.882696,-0.464038,],[-0.090458,0.469368,0.878357,]}, l_hip_knee: {[0.600970,-0.793076,-0.099329,],[0.748474,0.602010,-0.278156,],[0.280396,0.092819,0.955386,]}, r_knee_foot: {[0.997862,-0.026123,-0.059917,],[0.050907,0.885569,0.461709,],[0.040999,-0.463772,0.885005,]}, r_hip_knee: {[0.703671,0.671686,0.231701,],[-0.692705,0.575943,0.434108,],[0.158138,-0.465970,0.870554,]}, l_elbow_hand: {[0.781482,0.283863,-0.555615,],[-0.409479,0.905237,-0.113455,],[0.470758,0.316176,0.823663,]}, l_should_elbow: {[0.528076,0.233802,0.816378,],[-0.229650,0.964850,-0.127773,],[-0.817556,-0.120007,0.563206,]}, r_elbow_hand: {[-0.608053,0.105056,0.786915,],[0.334496,0.932832,0.133931,],[-0.719989,0.344657,-0.602352,]}, r_should_elbow: {[0.863019,-0.151067,0.482054,],[0.163107,0.986460,0.017129,],[-0.478115,0.063843,0.875974,]}, l_spine_should: {[0.977137,-0.171130,-0.126168,],[0.169375,0.985245,-0.024588,],[0.128514,0.002656,0.991704,]}, r_spine_should: {[0.958088,0.167544,0.232373,],[-0.172605,0.984990,0.001471,],[-0.228639,-0.041519,0.972626,]}, hip_spine: {[0.998682,-0.034215,-0.038260,],[0.051305,0.687535,0.724337,],[0.001522,-0.725345,0.688384,]}
FRAME: 15 l_knee_foot: {[0.993309,-0.021844,0.113401,],[0.073749,0.875628,-0.477323,],[-0.088870,0.482492,0.871380,]}, l_hip_knee: {[0.604997,-0.789844,-0.100624,],[0.745230,0.606208,-0.277746,],[0.280375,0.093048,0.955370,]}, r_knee_foot: {[0.998088,-0.026658,-0.055759,],[0.048215,0.900281,0.432630,],[0.038665,-0.434492,0.899845,]}, r_hip_knee: {[0.707616,0.669337,0.226424,],[-0.688329,0.580577,0.434895,],[0.159634,-0.463593,0.871550,]}, l_elbow_hand: {[0.778084,0.273200,-0.565638,],[-0.405475,0.906184,-0.120085,],[0.479765,0.322788,0.815863,]}, l_should_elbow: {[0.543272,0.246287,0.802620,],[-0.230757,0.962988,-0.139304,],[-0.807222,-0.109530,0.579997,]}, r_elbow_hand: {[-0.618427,0.110126,0.778088,],[0.337219,0.931525,0.136181,],[-0.709811,0.346604,-0.613216,]}, r_should_elbow: {[0.860746,-0.145614,0.487763,],[0.159395,0.987124,0.013410,],[-0.483435,0.066205,0.872873,]}, l_spine_should: {[0.976970,-0.167742,-0.131877,],[0.166052,0.985830,-0.023789,],[0.133998,0.001343,0.990981,]}, r_spine_should: {[0.958737,0.171196,0.226969,],[-0.175660,0.984451,-0.000541,],[-0.223532,-0.039351,0.973902,]}, hip_spine: {[0.998528,-0.036125,-0.040467,],[0.054176,0.701957,0.710156,],[0.002752,-0.711303,0.702880,]}
FRAME: 16 l_knee_foot: {[0.993209,-0.022636,0.114123,],[0.074034,0.879637,-0.469849,],[-0.089751,0.475107,0.875339,]}, l_hip_knee: {[0.614533,-0.782016,-0.103925,],[0.737285,0.616191,-0.276983,],[0.280643,0.093593,0.955238,]}, r_knee_foot: {[0.998063,-0.025180,-0.056886,],[0.047804,0.895599,0.442286,],[0.039810,-0.444149,0.895068,]}, r_hip_knee: {[0.707363,0.668773,0.228867,],[-0.689365,0.581130,0.432509,],[0.156248,-0.463714,0.872099,]}, l_elbow_hand: {[0.772942,0.268314,-0.574950,],[-0.406286,0.905334,-0.123699,],[0.487332,0.329206,0.808783,]}, l_should_elbow: {[0.542187,0.241086,0.804929,],[-0.229629,0.964002,-0.134055,],[-0.808272,-0.112152,0.578030,]}, r_elbow_hand: {[-0.624979,0.107438,0.773213,],[0.332233,0.932912,0.138912,],[-0.706416,0.343704,-0.618744,]}, r_should_elbow: {[0.857040,-0.140478,0.495730,],[0.156249,0.987670,0.009751,],[-0.490987,0.069100,0.868422,]}, l_spine_should: {[0.977082,-0.166739,-0.132323,],[0.165070,0.986000,-0.023564,],[0.134399,0.001182,0.990927,]}, r_spine_should: {[0.958648,0.172218,0.226571,],[-0.176602,0.984282,-0.000935,],[-0.223171,-0.039116,0.973994,]}, hip_spine: {[0.998470,-0.036924,-0.041156,],[0.055183,0.712209,0.699795,],[0.003472,-0.700996,0.713157,]}
FRAME: 17 l_knee_foot: {[0.993003,-0.022696,0.115886,],[0.075405,0.877102,-0.474349,],[-0.090878,0.479768,0.872676,]}, l_hip_knee: {[0.616742,-0.780416,-0.102861,],[0.736427,0.618196,-0.274790,],[0.278038,0.093725,0.955987,]}, r_knee_foot: {[0.998637,-0.018733,-0.048724,],[0.036379,0.919150,0.392225,],[0.037438,-0.393463,0.918578,]}, r_hip_knee: {[0.705567,0.667874,0.236897,],[-0.693303,0.581397,0.425802,],[0.146651,-0.464673,0.873254,]}, l_elbow_hand: {[0.765322,0.261779,-0.588009,],[-0.407939,0.903917,-0.128532,],[0.497864,0.338240,0.798577,]}, l_should_elbow: {[0.544291,0.237317,0.804629,],[-0.228459,0.964831,-0.130026,],[-0.807189,-0.113053,0.579367,]}, r_elbow_hand: {[-0.626793,0.104581,0.772136,],[0.328460,0.934067,0.140119,],[-0.706573,0.341442,-0.619817,]}, r_should_elbow: {[0.853193,-0.135033,0.503814,],[0.152933,0.988219,0.005877,],[-0.498672,0.072036,0.863792,]}, l_spine_should: {[0.977430,-0.167072,-0.129297,],[0.165396,0.985943,-0.023674,],[0.131435,0.001755,0.991323,]}, r_spine_should: {[0.958036,0.171752,0.229495,],[-0.176381,0.984322,-0.000348,],[-0.225957,-0.040145,0.973310,]}, hip_spine: {[0.998426,-0.037586,-0.041628,],[0.055932,0.722196,0.689423,],[0.004151,-0.690666,0.723162,]}
FRAME: 18 l_knee_foot: {[0.994088,-0.021791,0.106368,],[0.068237,0.887397,-0.455928,],[-0.084456,0.460491,0.883637,]}, l_hip_knee: {[0.618729,-0.780194,-0.092043,],[0.740884,0.618454,-0.261926,],[0.261277,0.093868,0.960689,]}, r_knee_foot: {[0.998741,-0.024538,-0.043754,],[0.038312,0.936153,0.349499,],[0.032384,-0.350735,0.935915,]}, r_hip_knee: {[0.706989,0.664338,0.242532,],[-0.694187,0.586329,0.417521,],[0.135172,-0.463545,0.875703,]}, l_elbow_hand: {[0.759361,0.260250,-0.596357,],[-0.411411,0.902105,-0.130185,],[0.504096,0.344205,0.792092,]}, l_should_elbow: {[0.566326,0.230046,0.791425,],[-0.223824,0.967096,-0.120945,],[-0.793207,-0.108646,0.599182,]}, r_elbow_hand: {[-0.627437,0.096487,0.772667,],[0.319083,0.937014,0.142098,],[-0.710289,0.335702,-0.618704,]}, r_should_elbow: {[0.853493,-0.129798,0.504680,],[0.148896,0.988850,0.002515,],[-0.499379,0.072998,0.863303,]}, l_spine_should: {[0.976138,-0.167317,-0.138420,],[0.165641,0.985903,-0.023617,],[0.140421,0.000126,0.990092,]}, r_spine_should: {[0.960092,0.171891,0.220625,],[-0.175852,0.984415,-0.001715,],[-0.217482,-0.037150,0.975357,]}, hip_spine: {[0.998267,-0.039075,-0.044007,],[0.058684,0.717250,0.694340,],[0.004433,-0.695719,0.718300,]}
FRAME: 19 l_knee_foot: {[0.995444,-0.020219,0.093178,],[0.058504,0.901187,-0.429463,],[-0.075288,0.432958,0.898265,]}, l_hip_knee: {[0.619838,-0.780654,-0.079872,],[0.746225,0.617855,-0.247798,],[0.242794,0.093992,0.965514,]}, r_knee_foot: {[0.998177,-0.041713,-0.043623,],[0.053881,0.941525,0.332607,],[0.027198,-0.334351,0.942056,]}, r_hip_knee: {[0.709776,0.659676,0.247074,],[-0.693605,0.593230,0.408644,],[0.123001,-0.461418,0.878615,]}, l_elbow_hand: {[0.758827,0.262611,-0.596000,],[-0.413225,0.901458,-0.128915,],[0.503415,0.344106,0.792568,]}, l_should_elbow: {[0.575167,0.218812,0.788229,],[-0.219704,0.969480,-0.108810,],[-0.787981,-0.110593,0.605686,]}, r_elbow_hand: {[-0.630390,0.092500,0.770747,],[0.313672,0.938563,0.143911,],[-0.710083,0.332482,-0.620676,]}, r_should_elbow: {[0.856880,-0.122205,0.500822,],[0.142369,0.989812,-0.002062,],[-0.495467,0.073068,0.865548,]}, l_spine_should: {[0.975754,-0.167230,-0.141205,],[0.165562,0.985918,-0.023565,],[0.143157,-0.000384,0.989700,]}, r_spine_should: {[0.960676,0.172083,0.217918,],[-0.175841,0.984416,-0.002183,],[-0.214898,-0.036221,0.975965,]}, hip_spine: {[0.998083,-0.040758,-0.046576,],[0.061700,0.714505,0.696904,],[0.004874,-0.698442,0.715650,]}
FRAME: 20 l_knee_foot: {[0.996030,-0.020750,0.086563,],[0.053288,0.917945,-0.393112,],[-0.071303,0.396164,0.915407,]}, l_hip_knee: {[0.621766,-0.780225,-0.068237,],[0.750313,0.618373,-0.233764,],[0.224584,0.094147,0.969896,]}, r_knee_foot: {[0.996378,-0.069983,-0.048304,],[0.082272,0.936990,0.339530,],[0.021499,-0.342274,0.939354,]}, r_hip_knee: {[0.717622,0.653060,0.241934,],[-0.686393,0.604450,0.404358,],[0.117832,-0.456238,0.882022,]}, l_elbow_hand: {[0.760284,0.264244,-0.593417,],[-0.413137,0.901656,-0.127809,],[0.501285,0.342333,0.794683,]}, l_should_elbow: {[0.571232,0.212494,0.792805,],[-0.218615,0.970405,-0.102579,],[-0.791139,-0.114723,0.600781,]}, r_elbow_hand: {[-0.631745,0.088088,0.770155,],[0.308241,0.940145,0.145313,],[-0.711257,0.329194,-0.621084,]}, r_should_elbow: {[0.858034,-0.118382,0.499764,],[0.139193,0.990255,-0.004410,],[-0.494372,0.073348,0.866150,]}, l_spine_should: {[0.976528,-0.164143,-0.139465,],[0.162538,0.986436,-0.022900,],[0.141332,-0.000306,0.989962,]}, r_spine_should: {[0.959722,0.175100,0.219715,],[-0.178844,0.983873,-0.002894,],[-0.216678,-0.036517,0.975560,]}, hip_spine: {[0.998059,-0.040979,-0.046898,],[0.062082,0.714433,0.696944,],[0.004945,-0.698502,0.715591,]}
FRAME: 21 l_knee_foot: {[0.996148,-0.019795,0.085422,],[0.052696,0.913789,-0.402757,],[-0.070085,0.405707,0.911312,]}, l_hip_knee: {[0.623616,-0.778568,-0.070248,],[0.748117,0.620454,-0.235281,],[0.226768,0.094172,0.969385,]}, r_knee_foot: {[0.996467,-0.067344,-0.050177,],[0.080781,0.931978,0.353399,],[0.022964,-0.356204,0.934126,]}, r_hip_knee: {[0.717642,0.652268,0.243999,],[-0.686943,0.605433,0.401947,],[0.114452,-0.456067,0.882555,]}, l_elbow_hand: {[0.760632,0.266247,-0.592074,],[-0.414086,0.901386,-0.126631,],[0.499972,0.341489,0.795872,]}, l_should_elbow: {[0.575669,0.209752,0.790322,],[-0.217254,0.971034,-0.099465,],[-0.788293,-0.114441,0.604564,]}, r_elbow_hand: {[-0.630566,0.086262,0.771327,],[0.306497,0.940707,0.145360,],[-0.713054,0.328068,-0.619617,]}, r_should_elbow: {[0.857969,-0.116784,0.500250,],[0.137989,0.990419,-0.005449,],[-0.494821,0.073704,0.865864,]}, l_spine_should: {[0.976485,-0.164554,-0.139280,],[0.162939,0.986368,-0.022994,],[0.141165,-0.000241,0.989986,]}, r_spine_should: {[0.959759,0.174683,0.219881,],[-0.178459,0.983944,-0.002734,],[-0.216828,-0.036616,0.975523,]}, hip_spine: {[0.998060,-0.040954,-0.046897,],[0.062068,0.713808,0.697586,],[0.004907,-0.699143,0.714965,]}
FRAME: 22 l_knee_foot: {[0.996406,-0.018649,0.082628,],[0.050901,0.911522,-0.408089,],[-0.067707,0.410828,0.909195,]}, l_hip_knee: {[0.627866,-0.774967,-0.072185,],[0.744251,0.624933,-0.235689,],[0.227762,0.094257,0.969144,]}, r_knee_foot: {[0.995930,-0.072514,-0.053523,],[0.087214,0.925158,0.369427,],[0.022729,-0.372591,0.927717,]}, r_hip_knee: {[0.714519,0.653477,0.249861,],[-0.690873,0.602769,0.399204,],[0.110262,-0.457861,0.882160,]}, l_elbow_hand: {[0.761611,0.271092,-0.588606,],[-0.416277,0.900775,-0.123765,],[0.496650,0.339284,0.798890,]}, l_should_elbow: {[0.580820,0.203925,0.788075,],[-0.214948,0.972174,-0.093143,],[-0.785140,-0.115295,0.608491,]}, r_elbow_hand: {[-0.627954,0.084506,0.773649,],[0.305247,0.941176,0.144957,],[-0.715890,0.327180,-0.616810,]}, r_should_elbow: {[0.857058,-0.113948,0.502462,],[0.136038,0.990676,-0.007378,],[-0.496936,0.074677,0.864568,]}, l_spine_should: {[0.976200,-0.165069,-0.140663,],[0.163447,0.986282,-0.023090,],[0.142545,-0.000450,0.989788,]}, r_spine_should: {[0.960155,0.174221,0.218518,],[-0.177921,0.984041,-0.002786,],[-0.215516,-0.036203,0.975829,]}, hip_spine: {[0.998032,-0.041108,-0.047356,],[0.062529,0.709622,0.701803,],[0.004755,-0.703383,0.710795,]}
FRAME: 23 l_knee_foot: {[0.995758,-0.021415,0.089482,],[0.055311,0.916517,-0.396154,],[-0.073528,0.399423,0.913813,]}, l_hip_knee: {[0.634055,-0.769289,-0.078539,],[0.736909,0.631887,-0.240177,],[0.234394,0.094409,0.967547,]}, r_knee_foot: {[0.996956,-0.056287,-0.053942,],[0.072847,0.919046,0.387360,],[0.027771,-0.390111,0.920349,]}, r_hip_knee: {[0.704078,0.659178,0.264119,],[-0.702369,0.591618,0.395811,],[0.104652,-0.464191,0.879531,]}, l_elbow_hand: {[0.758961,0.281982,-0.586911,],[-0.424705,0.897616,-0.117945,],[0.493562,0.338779,0.801015,]}, l_should_elbow: {[0.565629,0.200287,0.799968,],[-0.216308,0.972127,-0.090446,],[-0.795786,-0.121881,0.593187,]}, r_elbow_hand: {[-0.629008,0.079418,0.773332,],[0.299101,0.942917,0.146448,],[-0.717557,0.323421,-0.616856,]}, r_should_elbow: {[0.856666,-0.110129,0.503979,],[0.133220,0.991037,-0.009888,],[-0.498373,0.075611,0.863659,]}, l_spine_should: {[0.976892,-0.164944,-0.135926,],[0.163316,0.986303,-0.023124,],[0.137879,0.000391,0.990449,]}, r_spine_should: {[0.959104,0.174162,0.223132,],[-0.178197,0.983993,-0.002082,],[-0.219922,-0.037765,0.974786,]}, hip_spine: {[0.998067,-0.040848,-0.046833,],[0.061959,0.712217,0.699219,],[0.004794,-0.700770,0.713371,]}
FRAME: 24 l_knee_foot: {[0.995704,-0.022107,0.089911,],[0.055433,0.920143,-0.387640,],[-0.074161,0.390959,0.917415,]}, l_hip_knee: {[0.637736,-0.765711,-0.083545,],[0.731884,0.636199,-0.244124,],[0.240079,0.094541,0.966139,]}, r_knee_foot: {[0.997382,-0.048041,-0.054047,],[0.065592,0.915688,0.396502,],[0.030442,-0.399009,0.916442,]}, r_hip_knee: {[0.697485,0.662573,0.272967,],[-0.709425,0.584679,0.393530,],[0.101144,-0.468131,0.877851,]}, l_elbow_hand: {[0.759467,0.289579,-0.582541,],[-0.428846,0.896208,-0.113591,],[0.489184,0.336089,0.804825,]}, l_should_elbow: {[0.561159,0.200522,0.803051,],[-0.217047,0.971909,-0.091017,],[-0.798743,-0.123225,0.588918,]}, r_elbow_hand: {[-0.628058,0.076897,0.774358,],[0.296473,0.943700,0.146747,],[-0.719477,0.321742,-0.615496,]}, r_should_elbow: {[0.855932,-0.108046,0.505675,],[0.131808,0.991211,-0.011315,],[-0.500008,0.076337,0.862650,]}, l_spine_should: {[0.976996,-0.165624,-0.134338,],[0.163979,0.986189,-0.023294,],[0.136340,0.000730,0.990662,]}, r_spine_should: {[0.958883,0.173418,0.224653,],[-0.177601,0.984101,-0.001613,],[-0.221361,-0.038352,0.974437,]}, hip_spine: {[0.998070,-0.040885,-0.046731,],[0.061895,0.714988,0.696392,],[0.004941,-0.697941,0.716138,]}
FRAME: 25 l_knee_foot: {[0.995868,-0.023025,0.087849,],[0.053611,0.929843,-0.364030,],[-0.073304,0.367235,0.927235,]}, l_hip_knee: {[0.637181,-0.766226,-0.083050,],[0.732522,0.635580,-0.243820,],[0.239606,0.094521,0.966258,]}, r_knee_foot: {[0.997518,-0.044962,-0.054186,],[0.062966,0.914043,0.400700,],[0.031513,-0.403117,0.914606,]}, r_hip_knee: {[0.696790,0.660393,0.279937,],[-0.711561,0.587255,0.385763,],[0.090361,-0.467988,0.879103,]}, l_elbow_hand: {[0.758961,0.293597,-0.581188,],[-0.431583,0.895170,-0.111385,],[0.487560,0.335367,0.806111,]}, l_should_elbow: {[0.560202,0.201651,0.803436,],[-0.217475,0.971697,-0.092246,],[-0.799298,-0.123051,0.588201,]}, r_elbow_hand: {[-0.626934,0.076102,0.775346,],[0.295880,0.943909,0.146597,],[-0.720700,0.321316,-0.614286,]}, r_should_elbow: {[0.855617,-0.106937,0.506443,],[0.131038,0.991304,-0.012067,],[-0.500749,0.076688,0.862189,]}, l_spine_should: {[0.976802,-0.165973,-0.135314,],[0.164322,0.986130,-0.023359,],[0.137314,0.000582,0.990527,]}, r_spine_should: {[0.959164,0.173110,0.223692,],[-0.177237,0.984167,-0.001655,],[-0.220437,-0.038059,0.974658,]}, hip_spine: {[0.998081,-0.040772,-0.046597,],[0.061724,0.714488,0.696919,],[0.004878,-0.698458,0.715634,]}
FRAME: 26 l_knee_foot: {[0.996214,-0.022934,0.083856,],[0.050649,0.937077,-0.345430,],[-0.070658,0.348369,0.934691,]}, l_hip_knee: {[0.636897,-0.766475,-0.082937,],[0.732781,0.635282,-0.243819,],[0.239570,0.094513,0.966268,]}, r_knee_foot: {[0.997078,-0.050293,-0.057500,],[0.069734,0.906552,0.416295,],[0.031190,-0.419088,0.907410,]}, r_hip_knee: {[0.695464,0.660557,0.282834,],[-0.713195,0.586536,0.383833,],[0.087651,-0.468658,0.879021,]}, l_elbow_hand: {[0.762934,0.302278,-0.571454,],[-0.433870,0.894721,-0.105975,],[0.479258,0.328789,0.813763,]}, l_should_elbow: {[0.559774,0.201599,0.803748,],[-0.217527,0.971688,-0.092225,],[-0.799584,-0.123211,0.587779,]}, r_elbow_hand: {[-0.621817,0.073881,0.779670,],[0.294769,0.944411,0.145598,],[-0.725572,0.320358,-0.609029,]}, r_should_elbow: {[0.858242,-0.107267,0.501910,],[0.130666,0.991359,-0.011561,],[-0.496333,0.075505,0.864843,]}, l_spine_should: {[0.976725,-0.165435,-0.136524,],[0.163797,0.986221,-0.023225,],[0.138485,0.000322,0.990364,]}, r_spine_should: {[0.959327,0.173696,0.222534,],[-0.177709,0.984081,-0.002018,],[-0.219342,-0.037610,0.974923,]}, hip_spine: {[0.998079,-0.040654,-0.046751,],[0.061787,0.708641,0.702859,],[0.004556,-0.704397,0.709792,]}
FRAME: 27 l_knee_foot: {[0.996692,-0.021284,0.078441,],[0.047063,0.937978,-0.343487,],[-0.066265,0.346042,0.935876,]}, l_hip_knee: {[0.637495,-0.766033,-0.082425,],[0.732594,0.635813,-0.242995,],[0.238549,0.094524,0.966519,]}, r_knee_foot: {[0.997727,-0.039574,-0.054541,],[0.058478,0.910662,0.408993,],[0.033483,-0.411252,0.910906,]}, r_hip_knee: {[0.695664,0.659971,0.283707,],[-0.713228,0.587384,0.382473,],[0.085776,-0.468420,0.879332,]}, l_elbow_hand: {[0.763261,0.310430,-0.566627,],[-0.438436,0.893032,-0.101332,],[0.474559,0.325772,0.817720,]}, l_should_elbow: {[0.554451,0.207065,0.806045,],[-0.219678,0.970614,-0.098232,],[-0.802699,-0.122605,0.583646,]}, r_elbow_hand: {[-0.622630,0.071193,0.779271,],[0.291429,0.945310,0.146487,],[-0.726223,0.318310,-0.609326,]}, r_should_elbow: {[0.859130,-0.102277,0.501433,],[0.126644,0.991840,-0.014679,],[-0.495840,0.076115,0.865072,]}, l_spine_should: {[0.977272,-0.164933,-0.133180,],[0.163301,0.986304,-0.023158,],[0.135175,0.000883,0.990821,]}, r_spine_should: {[0.958497,0.174060,0.225801,],[-0.178298,0.983975,-0.001654,],[-0.222470,-0.038675,0.974172,]}, hip_spine: {[0.998083,-0.040653,-0.046664,],[0.061715,0.710194,0.701295,],[0.004631,-0.702831,0.711342,]}
FRAME: 28 l_knee_foot: {[0.996949,-0.020450,0.075324,],[0.044974,0.939261,-0.340245,],[-0.063791,0.342595,0.937315,]}, l_hip_knee: {[0.637853,-0.765953,-0.080367,],[0.733310,0.635911,-0.240569,],[0.235371,0.094514,0.967299,]}, r_knee_foot: {[0.997869,-0.036707,-0.053937,],[0.055583,0.911204,0.408188,],[0.034165,-0.410316,0.911303,]}, r_hip_knee: {[0.695046,0.660024,0.285095,],[-0.713990,0.587082,0.381513,],[0.084433,-0.468725,0.879300,]}, l_elbow_hand: {[0.765278,0.313575,-0.562156,],[-0.438861,0.893054,-0.099281,],[0.470904,0.322686,0.821050,]}, l_should_elbow: {[0.551947,0.210517,0.806869,],[-0.220892,0.969954,-0.101964,],[-0.804090,-0.121952,0.581865,]}, r_elbow_hand: {[-0.621481,0.071969,0.780117,],[0.292652,0.945014,0.145960,],[-0.726716,0.319014,-0.608370,]}, r_should_elbow: {[0.859591,-0.100081,0.501086,],[0.124853,0.992046,-0.016041,],[-0.495495,0.076351,0.865249,]}, l_spine_should: {[0.977337,-0.164771,-0.132905,],[0.163142,0.986331,-0.023126,],[0.134899,0.000920,0.990859,]}, r_spine_should: {[0.958406,0.174211,0.226074,],[-0.178461,0.983946,-0.001663,],[-0.222734,-0.038752,0.974109,]}, hip_spine: {[0.998121,-0.040303,-0.046157,],[0.061110,0.710176,0.701367,],[0.004512,-0.702870,0.711304,]}
FRAME: 29 l_knee_foot: {[0.997034,-0.019949,0.074332,],[0.044366,0.938177,-0.343300,],[-0.062888,0.345579,0.936280,]}, l_hip_knee: {[0.636771,-0.766943,-0.079513,],[0.734496,0.634723,-0.240091,],[0.234604,0.094481,0.967489,]}, r_knee_foot: {[0.997845,-0.037341,-0.053953,],[0.056145,0.911445,0.407573,],[0.033956,-0.409724,0.911578,]}, r_hip_knee: {[0.695420,0.659261,0.285949,],[-0.713878,0.588233,0.379949,],[0.082281,-0.468356,0.879700,]}, l_elbow_hand: {[0.770892,0.310045,-0.556414,],[-0.432810,0.895872,-0.100445,],[0.467333,0.318254,0.824811,]}, l_should_elbow: {[0.552209,0.208993,0.807086,],[-0.220479,0.970213,-0.100382,],[-0.804024,-0.122514,0.581838,]}, r_elbow_hand: {[-0.611612,0.094412,0.785504,],[0.321308,0.936929,0.137566,],[-0.722974,0.336526,-0.603373,]}, r_should_elbow: {[0.866049,-0.091601,0.491496,],[0.116758,0.992945,-0.020679,],[-0.486134,0.075295,0.870634,]}, l_spine_should: {[0.977563,-0.162649,-0.133848,],[0.161066,0.986684,-0.022648,],[0.135749,0.000582,0.990743,]}, r_spine_should: {[0.958210,0.176368,0.225227,],[-0.180452,0.983581,-0.002494,],[-0.221969,-0.038252,0.974303,]}, hip_spine: {[0.998318,-0.038319,-0.043501,],[0.057857,0.705735,0.706109,],[0.003643,-0.707439,0.706765,]}
FRAME: 30 l_knee_foot: {[0.997400,-0.018412,0.069672,],[0.041312,0.938256,-0.343467,],[-0.059047,0.345452,0.936577,]}, l_hip_knee: {[0.636421,-0.767631,-0.075572,],[0.736576,0.633895,-0.235866,],[0.228963,0.094445,0.968843,]}, r_knee_foot: {[0.997615,-0.041326,-0.055281,],[0.060489,0.909208,0.411924,],[0.033239,-0.414286,0.909540,]}, r_hip_knee: {[0.696504,0.658041,0.286118,],[-0.713070,0.590249,0.378333,],[0.080078,-0.467533,0.880341,]}, l_elbow_hand: {[0.778169,0.311621,-0.545293,],[-0.428583,0.898133,-0.098356,],[0.459096,0.310241,0.832455,]}, l_should_elbow: {[0.560656,0.210482,0.800851,],[-0.219629,0.970314,-0.101264,],[-0.798391,-0.119115,0.590241,]}, r_elbow_hand: {[-0.592403,0.120297,0.796610,],[0.356343,0.925933,0.125170,],[-0.722550,0.358018,-0.591393,]}, r_should_elbow: {[0.877966,-0.089267,0.470327,],[0.111973,0.993501,-0.020457,],[-0.465444,0.070624,0.882255,]}, l_spine_should: {[0.978507,-0.159006,-0.131306,],[0.157494,0.987277,-0.021891,],[0.133116,0.000740,0.991100,]}, r_spine_should: {[0.956943,0.179897,0.227809,],[-0.184001,0.982921,-0.003276,],[-0.224508,-0.038782,0.973700,]}, hip_spine: {[0.998326,-0.037983,-0.043615,],[0.057759,0.693656,0.717987,],[0.002983,-0.719304,0.694689,]}
FRAME: 31 l_knee_foot: {[0.997671,-0.017081,0.066043,],[0.038963,0.937371,-0.346145,],[-0.055995,0.347912,0.935853,]}, l_hip_knee: {[0.634869,-0.769162,-0.073018,],[0.738863,0.632043,-0.233672,],[0.225882,0.094401,0.969570,]}, r_knee_foot: {[0.997482,-0.043456,-0.056039,],[0.062839,0.907877,0.414500,],[0.032864,-0.416978,0.908322,]}, r_hip_knee: {[0.697605,0.657164,0.285453,],[-0.712079,0.591814,0.377755,],[0.079312,-0.466789,0.880805,]}, l_elbow_hand: {[0.782257,0.312369,-0.538981,],[-0.426125,0.899428,-0.097195,],[0.454414,0.305704,0.836692,]}, l_should_elbow: {[0.563771,0.212023,0.798254,],[-0.219569,0.970185,-0.102618,],[-0.796211,-0.117419,0.593516,]}, r_elbow_hand: {[-0.581874,0.130022,0.802818,],[0.370390,0.921188,0.119262,],[-0.724040,0.366752,-0.584174,]}, r_should_elbow: {[0.884094,-0.089206,0.458715,],[0.110393,0.993696,-0.019518,],[-0.454082,0.067895,0.888369,]}, l_spine_should: {[0.979066,-0.156299,-0.130388,],[0.154840,0.987710,-0.021317,],[0.132117,0.000682,0.991234,]}, r_spine_should: {[0.956207,0.182558,0.228779,],[-0.186604,0.982427,-0.004012,],[-0.225491,-0.038854,0.973470,]}, hip_spine: {[0.998332,-0.037744,-0.043689,],[0.057680,0.685048,0.726211,],[0.002519,-0.727520,0.686082,]}
FRAME: 32 l_knee_foot: {[0.997972,-0.017283,0.061258,],[0.035493,0.950011,-0.310192,],[-0.052834,0.311738,0.948698,]}, l_hip_knee: {[0.635832,-0.769102,-0.064805,],[0.741774,0.632119,-0.224046,],[0.213279,0.094384,0.972422,]}, r_knee_foot: {[0.997409,-0.044199,-0.056765,],[0.063961,0.906008,0.418400,],[0.032937,-0.420946,0.906487,]}, r_hip_knee: {[0.696128,0.656781,0.289905,],[-0.714087,0.591788,0.373988,],[0.074065,-0.467361,0.880958,]}, l_elbow_hand: {[0.780122,0.311946,-0.542310,],[-0.427390,0.898759,-0.097825,],[0.456890,0.308094,0.834464,]}, l_should_elbow: {[0.570412,0.207801,0.794637,],[-0.217520,0.971142,-0.097816,],[-0.792032,-0.117054,0.599152,]}, r_elbow_hand: {[-0.580535,0.142934,0.801592,],[0.385319,0.915486,0.115817,],[-0.717292,0.376104,-0.586547,]}, r_should_elbow: {[0.883176,-0.076588,0.462746,],[0.100718,0.994532,-0.027622,],[-0.458100,0.071002,0.886060,]}, l_spine_should: {[0.979237,-0.156148,-0.129279,],[0.154690,0.987733,-0.021304,],[0.131020,0.000863,0.991379,]}, r_spine_should: {[0.955928,0.182660,0.229861,],[-0.186782,0.982394,-0.003891,],[-0.226525,-0.039214,0.973216,]}, hip_spine: {[0.998325,-0.037782,-0.043811,],[0.057799,0.683753,0.727421,],[0.002473,-0.728735,0.684791,]}
FRAME: 33 l_knee_foot: {[0.998261,-0.015437,0.056896,],[0.032735,0.947797,-0.317188,],[-0.049029,0.318499,0.946654,]}, l_hip_knee: {[0.640605,-0.765032,-0.065963,],[0.737761,0.637030,-0.223386,],[0.212917,0.094437,0.972496,]}, r_knee_foot: {[0.997506,-0.042376,-0.056454,],[0.062175,0.906112,0.418444,],[0.033421,-0.420910,0.906486,]}, r_hip_knee: {[0.694398,0.657691,0.291983,],[-0.715835,0.589947,0.373555,],[0.073429,-0.468407,0.880456,]}, l_elbow_hand: {[0.777737,0.317236,-0.542666,],[-0.432233,0.896716,-0.095258,],[0.456398,0.308644,0.834530,]}, l_should_elbow: {[0.580544,0.203685,0.788341,],[-0.214926,0.972200,-0.092915,],[-0.785351,-0.115494,0.608183,]}, r_elbow_hand: {[-0.588019,0.132811,0.797869,],[0.371759,0.920440,0.120768,],[-0.718351,0.367629,-0.590610,]}, r_should_elbow: {[0.882994,-0.051963,0.466498,],[0.081392,0.995748,-0.043146,],[-0.462273,0.076067,0.883469,]}, l_spine_should: {[0.979407,-0.156879,-0.127089,],[0.155404,0.987617,-0.021501,],[0.128889,0.001308,0.991658,]}, r_spine_should: {[0.955577,0.181834,0.231966,],[-0.186155,0.982515,-0.003318,],[-0.228513,-0.040011,0.972718,]}, hip_spine: {[0.998330,-0.037812,-0.043679,],[0.057712,0.687279,0.724098,],[0.002640,-0.725409,0.688313,]}
FRAME: 34 l_knee_foot: {[0.998511,-0.013887,0.052759,],[0.030077,0.946947,-0.319980,],[-0.045516,0.321090,0.945954,]}, l_hip_knee: {[0.642925,-0.763080,-0.066008,],[0.736012,0.639365,-0.222483,],[0.211975,0.094457,0.972700,]}, r_knee_foot: {[0.997425,-0.043910,-0.056705,],[0.063671,0.906057,0.418337,],[0.033009,-0.420870,0.906520,]}, r_hip_knee: {[0.693579,0.658136,0.292925,],[-0.716652,0.589053,0.373398,],[0.073199,-0.468906,0.880210,]}, l_elbow_hand: {[0.772501,0.320803,-0.548021,],[-0.438035,0.894017,-0.094118,],[0.459747,0.312759,0.831152,]}, l_should_elbow: {[0.580243,0.193961,0.791010,],[-0.212396,0.973657,-0.082945,],[-0.786261,-0.119879,0.606155,]}, r_elbow_hand: {[-0.590614,0.127552,0.796810,],[0.365073,0.922835,0.122875,],[-0.719651,0.363465,-0.591604,]}, r_should_elbow: {[0.883971,-0.038629,0.465944,],[0.070583,0.996185,-0.051318,],[-0.462184,0.078251,0.883325,]}, l_spine_should: {[0.979263,-0.157770,-0.127089,],[0.156278,0.987475,-0.021693,],[0.128920,0.001382,0.991654,]}, r_spine_should: {[0.955752,0.180945,0.231940,],[-0.185308,0.982676,-0.003027,],[-0.228470,-0.040087,0.972725,]}, hip_spine: {[0.998330,-0.037810,-0.043669,],[0.057702,0.687418,0.723966,],[0.002646,-0.725277,0.688452,]}
FRAME: 35 l_knee_foot: {[0.998700,-0.012440,0.049440,],[0.027966,0.944520,-0.327262,],[-0.042625,0.328219,0.943639,]}, l_hip_knee: {[0.643971,-0.762361,-0.064088,],[0.736039,0.640224,-0.219908,],[0.208680,0.094443,0.973413,]}, r_knee_foot: {[0.996710,-0.058446,-0.056162,],[0.076072,0.913717,0.399166,],[0.027987,-0.402125,0.915157,]}, r_hip_knee: {[0.695753,0.656901,0.290531,],[-0.714498,0.591493,0.373669,],[0.073617,-0.467566,0.880887,]}, l_elbow_hand: {[0.768249,0.314903,-0.557342,],[-0.437548,0.893827,-0.098104,],[0.467275,0.319232,0.824467,]}, l_should_elbow: {[0.583240,0.183424,0.791320,],[-0.209112,0.975243,-0.071931,],[-0.784923,-0.123522,0.607156,]}, r_elbow_hand: {[-0.587699,0.136662,0.797455,],[0.376184,0.918769,0.119785,],[-0.716307,0.370387,-0.591370,]}, r_should_elbow: {[0.885343,-0.027687,0.464113,],[0.061500,0.996428,-0.057876,],[-0.460853,0.079783,0.883883,]}, l_spine_should: {[0.979249,-0.157479,-0.127558,],[0.155993,0.987521,-0.021622,],[0.129371,0.001275,0.991595,]}, r_spine_should: {[0.955802,0.181257,0.231494,],[-0.185570,0.982626,-0.003194,],[-0.228051,-0.039905,0.972831,]}, hip_spine: {[0.998328,-0.037837,-0.043696,],[0.057739,0.687687,0.723708,],[0.002667,-0.725021,0.688722,]}
FRAME: 36 l_knee_foot: {[0.998696,-0.012308,0.049553,],[0.028061,0.943107,-0.331305,],[-0.042656,0.332263,0.942222,]}, l_hip_knee: {[0.644342,-0.762115,-0.063279,],[0.736098,0.640518,-0.218851,],[0.207321,0.094436,0.973704,]}, r_knee_foot: {[0.996187,-0.067216,-0.055616,],[0.083567,0.918252,0.387080,],[0.025052,-0.390252,0.920367,]}, r_hip_knee: {[0.697852,0.655584,0.288467,],[-0.712453,0.593998,0.373600,],[0.073578,-0.466236,0.881595,]}, l_elbow_hand: {[0.767199,0.311819,-0.560513,],[-0.436472,0.894144,-0.099998,],[0.469998,0.321366,0.822086,]}, l_should_elbow: {[0.583277,0.178569,0.792402,],[-0.207814,0.975875,-0.066946,],[-0.785239,-0.125624,0.606315,]}, r_elbow_hand: {[-0.587164,0.139382,0.797378,],[0.379395,0.917552,0.118986,],[-0.715051,0.372386,-0.591634,]}, r_should_elbow: {[0.885927,-0.022606,0.463274,],[0.057283,0.996498,-0.060918,],[-0.460274,0.080506,0.884119,]}, l_spine_should: {[0.979246,-0.157317,-0.127784,],[0.155834,0.987547,-0.021583,],[0.129588,0.001222,0.991567,]}, r_spine_should: {[0.955821,0.181429,0.231279,],[-0.185717,0.982598,-0.003282,],[-0.227850,-0.039816,0.972882,]}, hip_spine: {[0.998329,-0.037833,-0.043678,],[0.057723,0.687918,0.723489,],[0.002676,-0.724801,0.688953,]}
