[[-0.871807, 1.004028, -0.091635], [-0.868156, 1.075018, -0.074993], [-0.759203, 0.954043, -0.168614], [-1.000827, 0.942095, -0.075842], [-0.866282, 1.145203, -0.026783], [-0.867687, 1.375352, 0.150939], [-0.747090, 1.480674, 0.212327], [-0.998408, 1.466914, 0.213656], [-0.598348, 1.444434, 0.210527], [-0.289858, 1.385612, 0.344428], [-0.381895, 1.338143, 0.740722], [-0.518119, 1.276620, 0.785197], [-0.537750, 1.273629, 0.798115], [-0.558899, 1.270451, 0.815033], [-0.607191, 1.266441, 0.854559], [-0.530043, 1.367797, 0.855567], [-0.562577, 1.396241, 0.874330], [-0.578500, 1.389992, 0.897576], [-0.592208, 1.349709, 0.941922], [-0.491319, 1.385138, 0.875868], [-0.526249, 1.407092, 0.903160], [-0.546459, 1.403136, 0.929484], [-0.564783, 1.382165, 0.964343], [-0.445396, 1.387170, 0.883512], [-0.469705, 1.395156, 0.907787], [-0.488437, 1.394007, 0.930692], [-0.516994, 1.384957, 0.969811], [-0.405526, 1.377922, 0.878251], [-0.423921, 1.380278, 0.905874], [-0.442269, 1.381721, 0.929754], [-0.478391, 1.386857, 0.975453], [-1.135016, 1.401341, 0.191767], [-1.361889, 1.332724, -0.053949], [-1.716105, 1.138578, 0.013960], [-1.769480, 1.045098, 0.126799], [-1.780175, 1.033002, 0.144135], [-1.800218, 1.016500, 0.152478], [-1.848610, 0.980729, 0.169479], [-1.875918, 1.080800, 0.098449], [-1.920274, 1.075789, 0.113517], [-1.934621, 1.050919, 0.116450], [-1.938001, 0.989679, 0.112519], [-1.884904, 1.089348, 0.053078], [-1.929927, 1.074818, 0.067526], [-1.949492, 1.048169, 0.072434], [-1.962521, 1.005526, 0.074024], [-1.873327, 1.093058, 0.008092], [-1.902425, 1.075217, 0.016981], [-1.921825, 1.053521, 0.022433], [-1.949567, 1.013471, 0.029791], [-1.848494, 1.093620, -0.024860], [-1.872614, 1.071440, -0.019092], [-1.894469, 1.051340, -0.013866], [-1.938660, 1.014596, -0.003066], [-0.706346, 0.486281, -0.146370], [-0.880919, 0.301045, -0.633662], [-0.923500, 0.092548, -0.667197], [-0.916228, 0.022542, -0.601064], [-0.994940, 0.718200, 0.338798], [-1.036286, 0.179612, 0.236549], [-1.034936, 0.018770, 0.379856], [-1.014975, 0.019336, 0.474347]]
FRAME: 6 l_knee_foot: {[0.997146,-0.018569,0.073175,],[0.043845,0.931500,-0.361088,],[-0.061458,0.363266,0.929656,]}, l_hip_knee: {[0.598224,-0.788263,-0.144115,],[0.722597,0.608392,-0.328195,],[0.346382,0.092197,0.933552,]}, r_knee_foot: {[0.986688,-0.037475,0.158248,],[0.103350,0.895811,-0.432253,],[-0.125561,0.442853,0.887759,]}, r_hip_knee: {[0.274787,-0.961505,0.000627,],[0.922421,0.263433,-0.282386,],[0.271351,0.078175,0.959301,]}, l_elbow_hand: {[-0.186495,-0.008139,-0.982422,],[-0.200855,0.979161,0.030017,],[0.961705,0.202922,-0.184244,]}, l_should_elbow: {[-0.817661,0.254893,-0.516198,],[-0.108684,0.812176,0.573200,],[0.565348,0.524786,-0.636381,]}, r_elbow_hand: {[-0.591383,-0.715084,0.372723,],[0.220948,-0.588212,-0.777939,],[0.775532,-0.377707,0.505854,]}, r_should_elbow: {[-0.647431,-0.130977,-0.750785,],[0.372194,0.805318,-0.461449,],[0.665060,-0.578194,-0.472639,]}, l_spine_should: {[-0.956036,-0.223187,-0.190215,],[0.219085,-0.112442,-0.969205,],[0.194926,-0.968269,0.156396,]}, r_spine_should: {[-0.978578,0.104469,0.177402,],[-0.131845,0.343804,-0.929739,],[-0.158120,-0.933212,-0.322665,]}, hip_spine: {[0.999947,-0.010027,-0.002446,],[0.009048,0.737644,0.675129,],[-0.004966,-0.675116,0.737695,]}
FRAME: 7 l_knee_foot: {[0.997570,-0.017467,0.067450,],[0.039902,0.936813,-0.347548,],[-0.057118,0.349394,0.935233,]}, l_hip_knee: {[0.594243,-0.791467,-0.143021,],[0.725631,0.604282,-0.329094,],[0.346892,0.091781,0.933404,]}, r_knee_foot: {[0.986621,-0.044712,0.156783,],[0.099351,0.927360,-0.360740,],[-0.129265,0.371490,0.919394,]}, r_hip_knee: {[0.283885,-0.958858,-0.000970,],[0.920128,0.272703,-0.281064,],[0.269765,0.078898,0.959689,]}, l_elbow_hand: {[-0.184041,-0.004609,-0.982908,],[-0.198512,0.979557,0.032577,],[0.962664,0.201114,-0.181194,]}, l_should_elbow: {[-0.813673,0.257854,-0.521008,],[-0.103349,0.817802,0.566145,],[0.572063,0.514502,-0.638774,]}, r_elbow_hand: {[-0.592307,-0.714211,0.372927,],[0.224874,-0.591000,-0.774693,],[0.773695,-0.374995,0.510661,]}, r_should_elbow: {[-0.651582,-0.128006,-0.747700,],[0.374278,0.803084,-0.463652,],[0.659816,-0.581955,-0.475365,]}, l_spine_should: {[-0.956806,-0.219494,-0.190645,],[0.221806,-0.127188,-0.966760,],[0.187951,-0.967288,0.170379,]}, r_spine_should: {[-0.977978,0.107069,0.179150,],[-0.130201,0.357876,-0.924647,],[-0.163115,-0.927610,-0.336055,]}, hip_spine: {[0.999931,-0.011061,-0.003917,],[0.010824,0.740550,0.671914,],[-0.004531,-0.671910,0.740619,]}
FRAME: 8 l_knee_foot: {[0.997310,-0.018324,0.070976,],[0.042285,0.934725,-0.352848,],[-0.059877,0.354900,0.932985,]}, l_hip_knee: {[0.593776,-0.791553,-0.144478,],[0.724910,0.604177,-0.330871,],[0.349193,0.091730,0.932550,]}, r_knee_foot: {[0.988085,-0.042138,0.148026,],[0.093469,0.928400,-0.359634,],[-0.122273,0.369184,0.921277,]}, r_hip_knee: {[0.287914,-0.957652,-0.002890,],[0.918380,0.276960,-0.282615,],[0.271447,0.078714,0.959229,]}, l_elbow_hand: {[-0.193479,-0.015244,-0.980986,],[-0.205571,0.978314,0.025342,],[0.959326,0.206566,-0.192417,]}, l_should_elbow: {[-0.811062,0.257297,-0.525335,],[-0.113759,0.811545,0.573108,],[0.573792,0.524588,-0.628943,]}, r_elbow_hand: {[-0.588921,-0.718905,0.369253,],[0.232757,-0.588401,-0.774343,],[0.773948,-0.370081,0.513852,]}, r_should_elbow: {[-0.652310,-0.125416,-0.747504,],[0.378909,0.800180,-0.464909,],[0.656445,-0.586501,-0.474445,]}, l_spine_should: {[-0.957165,-0.215874,-0.192960,],[0.227542,-0.148705,-0.962347,],[0.179052,-0.965031,0.191456,]}, r_spine_should: {[-0.977570,0.109875,0.179679,],[-0.125159,0.383075,-0.915199,],[-0.169388,-0.917159,-0.360731,]}, hip_spine: {[0.999916,-0.011910,-0.005110,],[0.012263,0.742067,0.670213,],[-0.004191,-0.670220,0.742151,]}
FRAME: 9 l_knee_foot: {[0.998693,-0.012203,0.049630,],[0.028129,0.942014,-0.334391,],[-0.042672,0.335350,0.941127,]}, l_hip_knee: {[0.593634,-0.791761,-0.143922,],[0.725369,0.603907,-0.330358,],[0.348480,0.091716,0.932818,]}, r_knee_foot: {[0.988652,-0.041200,0.144464,],[0.091037,0.929273,-0.357999,],[-0.119497,0.367088,0.922479,]}, r_hip_knee: {[0.288068,-0.957607,-0.002485,],[0.918590,0.277063,-0.281831,],[0.270572,0.078904,0.959461,]}, l_elbow_hand: {[-0.183517,-0.035253,-0.982384,],[-0.218891,0.975732,0.005876,],[0.958336,0.216113,-0.186779,]}, l_should_elbow: {[-0.815757,0.251533,-0.520837,],[-0.132430,0.795341,0.591519,],[0.563029,0.551511,-0.615494,]}, r_elbow_hand: {[-0.589903,-0.718579,0.368319,],[0.245976,-0.594374,-0.765647,],[0.769097,-0.361060,0.527376,]}, r_should_elbow: {[-0.652416,-0.125912,-0.747328,],[0.377778,0.800821,-0.464725,],[0.656991,-0.585518,-0.474902,]}, l_spine_should: {[-0.956506,-0.218284,-0.193516,],[0.227411,-0.142486,-0.963318,],[0.182704,-0.965427,0.185929,]}, r_spine_should: {[-0.978087,0.108371,0.177767,],[-0.124348,0.380746,-0.916281,],[-0.166983,-0.918307,-0.358927,]}, hip_spine: {[0.999918,-0.011809,-0.004969,],[0.012094,0.741999,0.670292,],[-0.004229,-0.670297,0.742081,]}
FRAME: 10 l_knee_foot: {[0.998645,-0.012862,0.050425,],[0.028595,0.945209,-0.325211,],[-0.043480,0.326212,0.944296,]}, l_hip_knee: {[0.592749,-0.792659,-0.142618,],[0.726756,0.602741,-0.329437,],[0.347093,0.091625,0.933344,]}, r_knee_foot: {[0.988840,-0.040433,0.143393,],[0.090487,0.927604,-0.362439,],[-0.118357,0.371369,0.920911,]}, r_hip_knee: {[0.288409,-0.957506,-0.001563,],[0.919066,0.277287,-0.280052,],[0.268585,0.079333,0.959983,]}, l_elbow_hand: {[-0.187240,-0.051753,-0.980950,],[-0.229871,0.973192,-0.007466,],[0.955039,0.224094,-0.194117,]}, l_should_elbow: {[-0.822733,0.241760,-0.514453,],[-0.163115,0.766570,0.621099,],[0.544521,0.594914,-0.591247,]}, r_elbow_hand: {[-0.585430,-0.724231,0.364366,],[0.250307,-0.588941,-0.768437,],[0.771115,-0.358663,0.526063,]}, r_should_elbow: {[-0.647819,-0.130726,-0.750494,],[0.372338,0.805140,-0.461643,],[0.664601,-0.578499,-0.472910,]}, l_spine_should: {[-0.955655,-0.220741,-0.194929,],[0.228710,-0.139348,-0.963470,],[0.185515,-0.965326,0.183655,]}, r_spine_should: {[-0.978698,0.106992,0.175220,],[-0.121886,0.383978,-0.915262,],[-0.165207,-0.917122,-0.362757,]}, hip_spine: {[0.999919,-0.011782,-0.004883,],[0.011978,0.736089,0.676779,],[-0.004380,-0.676782,0.736170,]}
FRAME: 11 l_knee_foot: {[0.998699,-0.012683,0.049399,],[0.027908,0.946606,-0.321182,],[-0.042688,0.322142,0.945728,]}, l_hip_knee: {[0.593294,-0.792521,-0.141111,],[0.727462,0.602912,-0.327561,],[0.344676,0.091687,0.934233,]}, r_knee_foot: {[0.989112,-0.041015,0.141335,],[0.088667,0.932585,-0.349891,],[-0.117456,0.358613,0.926067,]}, r_hip_knee: {[0.288284,-0.957543,-0.001673,],[0.919023,0.277177,-0.280302,],[0.268865,0.079269,0.959910,]}, l_elbow_hand: {[-0.178735,-0.044827,-0.982876,],[-0.225211,0.974304,-0.003482,],[0.957776,0.220732,-0.184238,]}, l_should_elbow: {[-0.817921,0.238851,-0.523407,],[-0.193347,0.742724,0.641075,],[0.541868,0.625549,-0.561309,]}, r_elbow_hand: {[-0.589277,-0.719985,0.366571,],[0.256034,-0.596746,-0.760488,],[0.766289,-0.354283,0.535989,]}, r_should_elbow: {[-0.655303,-0.129096,-0.744253,],[0.368316,0.805614,-0.464036,],[0.659486,-0.578204,-0.480373,]}, l_spine_should: {[-0.956689,-0.216455,-0.194662,],[0.230216,-0.153275,-0.960993,],[0.178175,-0.964186,0.196468,]}, r_spine_should: {[-0.977860,0.109823,0.178126,],[-0.121862,0.393136,-0.911369,],[-0.170117,-0.912898,-0.371049,]}, hip_spine: {[0.999909,-0.012321,-0.005544,],[0.012739,0.722913,0.690821,],[-0.004504,-0.690829,0.723004,]}
FRAME: 12 l_knee_foot: {[0.998613,-0.013468,0.050905,],[0.028848,0.948673,-0.314940,],[-0.044051,0.315972,0.947745,]}, l_hip_knee: {[0.592877,-0.792904,-0.140711,],[0.727968,0.602415,-0.327350,],[0.344324,0.091645,0.934367,]}, r_knee_foot: {[0.989118,-0.041586,0.141125,],[0.088293,0.935070,-0.343290,],[-0.117685,0.352015,0.928567,]}, r_hip_knee: {[0.288177,-0.957576,-0.001591,],[0.919088,0.277060,-0.280205,],[0.268759,0.079287,0.959939,]}, l_elbow_hand: {[-0.176104,-0.046155,-0.983289,],[-0.226067,0.974098,-0.005236,],[0.958061,0.221368,-0.181977,]}, l_should_elbow: {[-0.816534,0.239295,-0.525366,],[-0.195568,0.741577,0.641730,],[0.543162,0.626739,-0.558725,]}, r_elbow_hand: {[-0.591442,-0.717279,0.368385,],[0.254490,-0.599551,-0.758797,],[0.765135,-0.355035,0.537140,]}, r_should_elbow: {[-0.656055,-0.131157,-0.743230,],[0.363291,0.808303,-0.463320,],[0.661522,-0.573972,-0.482643,]}, l_spine_should: {[-0.956259,-0.219433,-0.193439,],[0.226731,-0.138165,-0.964108,],[0.184831,-0.965795,0.181874,]}, r_spine_should: {[-0.978293,0.107580,0.177114,],[-0.124672,0.377160,-0.917719,],[-0.165529,-0.919879,-0.355561,]}, hip_spine: {[0.999926,-0.011393,-0.004227,],[0.011164,0.723831,0.689887,],[-0.004800,-0.689883,0.723905,]}
FRAME: 13 l_knee_foot: {[0.998620,-0.013668,0.050714,],[0.028691,0.950715,-0.308735,],[-0.043995,0.309764,0.949795,]}, l_hip_knee: {[0.592097,-0.793456,-0.140886,],[0.728295,0.601701,-0.327936,],[0.344974,0.091563,0.934135,]}, r_knee_foot: {[0.988936,-0.042033,0.142262,],[0.089013,0.935319,-0.342426,],[-0.118667,0.351301,0.928712,]}, r_hip_knee: {[0.288147,-0.957585,-0.001454,],[0.919171,0.277013,-0.279979,],[0.268506,0.079338,0.960005,]}, l_elbow_hand: {[-0.188634,-0.048759,-0.980836,],[-0.227892,0.973676,-0.004575,],[0.955240,0.222662,-0.194780,]}, l_should_elbow: {[-0.818584,0.237631,-0.522926,],[-0.197485,0.738468,0.644720,],[0.539369,0.631028,-0.557570,]}, r_elbow_hand: {[-0.591461,-0.716757,0.369368,],[0.246999,-0.597113,-0.763182,],[0.767571,-0.360159,0.530207,]}, r_should_elbow: {[-0.654910,-0.134213,-0.743694,],[0.358035,0.811541,-0.461750,],[0.665511,-0.568673,-0.483433,]}, l_spine_should: {[-0.956128,-0.220569,-0.192790,],[0.225034,-0.131659,-0.965415,],[0.187558,-0.966445,0.175518,]}, r_spine_should: {[-0.978428,0.106685,0.176907,],[-0.126161,0.369530,-0.920614,],[-0.163589,-0.923074,-0.348099,]}, hip_spine: {[0.999941,-0.010437,-0.002879,],[0.009552,0.725283,0.688385,],[-0.005097,-0.688372,0.725340,]}
FRAME: 14 l_knee_foot: {[0.998693,-0.013344,0.049341,],[0.027789,0.951940,-0.305023,],[-0.042900,0.305995,0.951066,]}, l_hip_knee: {[0.592075,-0.793644,-0.139913,],[0.728961,0.601452,-0.326912,],[0.343603,0.091566,0.934640,]}, r_knee_foot: {[0.989907,-0.040726,0.135742,],[0.084432,0.938756,-0.334077,],[-0.113823,0.342166,0.932720,]}, r_hip_knee: {[0.288145,-0.957578,-0.004051,],[0.917667,0.277340,-0.284551,],[0.273603,0.078274,0.958652,]}, l_elbow_hand: {[-0.172064,-0.054927,-0.983553,],[-0.231821,0.972661,-0.013763,],[0.957420,0.225640,-0.180093,]}, l_should_elbow: {[-0.824252,0.232191,-0.516427,],[-0.206148,0.726402,0.655625,],[0.527364,0.646860,-0.550872,]}, r_elbow_hand: {[-0.610375,-0.695850,0.378464,],[0.277651,-0.635425,-0.720517,],[0.741857,-0.334705,0.581051,]}, r_should_elbow: {[-0.665453,-0.133263,-0.734448,],[0.349638,0.813670,-0.464430,],[0.659489,-0.565847,-0.494865,]}, l_spine_should: {[-0.956155,-0.223042,-0.189789,],[0.218404,-0.111326,-0.969488,],[0.195108,-0.968431,0.155158,]}, r_spine_should: {[-0.978497,0.104514,0.177821,],[-0.132651,0.341312,-0.930543,],[-0.157947,-0.934122,-0.320109,]}, hip_spine: {[0.999946,-0.010151,-0.002275,],[0.008799,0.708723,0.705432,],[-0.005549,-0.705414,0.708774,]}
FRAME: 15 l_knee_foot: {[0.998608,-0.012482,0.051239,],[0.029214,0.939824,-0.340407,],[-0.043907,0.341430,0.938881,]}, l_hip_knee: {[0.591772,-0.793770,-0.140480,],[0.728753,0.601291,-0.327671,],[0.344565,0.091531,0.934289,]}, r_knee_foot: {[0.989201,-0.038527,0.141409,],[0.089646,0.922351,-0.375808,],[-0.115950,0.384427,0.915845,]}, r_hip_knee: {[0.290356,-0.956918,0.000685,],[0.920022,0.278963,-0.275208,],[0.263161,0.080538,0.961384,]}, l_elbow_hand: {[-0.203991,-0.058010,-0.977252,],[-0.234152,0.972160,-0.008831,],[0.950558,0.227024,-0.211895,]}, l_should_elbow: {[-0.836908,0.219400,-0.501446,],[-0.223379,0.699467,0.678858,],[0.499686,0.680154,-0.536380,]}, r_elbow_hand: {[-0.599911,-0.706768,0.374947,],[0.251980,-0.611703,-0.749884,],[0.759350,-0.355384,0.545059,]}, r_should_elbow: {[-0.661024,-0.139273,-0.737326,],[0.341428,0.819184,-0.460831,],[0.668187,-0.556364,-0.493949,]}, l_spine_should: {[-0.957345,-0.219940,-0.187397,],[0.215857,-0.113236,-0.969837,],[0.192085,-0.968919,0.155881,]}, r_spine_should: {[-0.977640,0.106382,0.181391,],[-0.136563,0.334755,-0.932357,],[-0.159907,-0.936281,-0.312742,]}, hip_spine: {[0.999954,-0.009460,-0.001298,],[0.007640,0.711156,0.702993,],[-0.005727,-0.702971,0.711196,]}
FRAME: 16 l_knee_foot: {[0.998561,-0.012259,0.052210,],[0.029929,0.935212,-0.352822,],[-0.044502,0.353877,0.934233,]}, l_hip_knee: {[0.591743,-0.793739,-0.140778,],[0.728569,0.601333,-0.328002,],[0.345003,0.091527,0.934129,]}, r_knee_foot: {[0.988703,-0.037365,0.145153,],[0.093024,0.912319,-0.398775,],[-0.117526,0.407773,0.905488,]}, r_hip_knee: {[0.292637,-0.956201,0.006637,],[0.922893,0.280613,-0.263676,],[0.250265,0.083287,0.964588,]}, l_elbow_hand: {[-0.209271,-0.054565,-0.976334,],[-0.231870,0.972736,-0.004664,],[0.949970,0.225406,-0.216217,]}, l_should_elbow: {[-0.839204,0.219369,-0.497607,],[-0.215923,0.705397,0.675123,],[0.499112,0.674011,-0.544606,]}, r_elbow_hand: {[-0.597524,-0.708355,0.375763,],[0.233495,-0.602019,-0.763579,],[0.767102,-0.368518,0.525118,]}, r_should_elbow: {[-0.663565,-0.138270,-0.735230,],[0.341064,0.818787,-0.461804,],[0.665851,-0.557198,-0.496159,]}, l_spine_should: {[-0.957337,-0.222408,-0.184498,],[0.209314,-0.093521,-0.973366,],[0.199229,-0.970458,0.136085,]}, r_spine_should: {[-0.977648,0.104508,0.182434,],[-0.142660,0.307659,-0.940741,],[-0.154443,-0.945740,-0.285873,]}, hip_spine: {[0.999960,-0.008892,-0.000493,],[0.006682,0.712559,0.701581,],[-0.005887,-0.701556,0.712590,]}
FRAME: 17 l_knee_foot: {[0.998623,-0.012180,0.051020,],[0.029102,0.937884,-0.345726,],[-0.043640,0.346735,0.936947,]}, l_hip_knee: {[0.591966,-0.793560,-0.140851,],[0.728393,0.601566,-0.327966,],[0.344992,0.091550,0.934130,]}, r_knee_foot: {[0.988984,-0.037371,0.143226,],[0.091505,0.914921,-0.393124,],[-0.116349,0.401899,0.908262,]}, r_hip_knee: {[0.293582,-0.955924,0.004434,],[0.921535,0.281781,-0.267158,],[0.254133,0.082519,0.963642,]}, l_elbow_hand: {[-0.191047,-0.048632,-0.980376,],[-0.227823,0.973695,-0.003904,],[0.954776,0.222606,-0.197101,]}, l_should_elbow: {[-0.837626,0.225770,-0.497403,],[-0.192849,0.729726,0.655979,],[0.511069,0.645389,-0.567699,]}, r_elbow_hand: {[-0.613039,-0.690805,0.383370,],[0.257370,-0.633394,-0.729776,],[0.746957,-0.348713,0.566088,]}, r_should_elbow: {[-0.663116,-0.147010,-0.733939,],[0.323011,0.828325,-0.457757,],[0.675234,-0.540617,-0.501789,]}, l_spine_should: {[-0.957053,-0.224259,-0.183732,],[0.206815,-0.083997,-0.974768,],[0.203168,-0.970903,0.126770,]}, r_spine_should: {[-0.977832,0.103213,0.182188,],[-0.144640,0.296199,-0.944111,],[-0.151408,-0.949533,-0.274704,]}, hip_spine: {[0.999963,-0.008627,0.000038,],[0.006039,0.703073,0.711092,],[-0.006161,-0.711065,0.703099,]}
FRAME: 18 l_knee_foot: {[0.998613,-0.012406,0.051162,],[0.029170,0.939399,-0.341583,],[-0.043824,0.342602,0.938458,]}, l_hip_knee: {[0.591934,-0.793575,-0.140899,],[0.728379,0.601546,-0.328033,],[0.345076,0.091546,0.934100,]}, r_knee_foot: {[0.988917,-0.038078,0.143506,],[0.091458,0.917632,-0.386764,],[-0.116958,0.395602,0.910944,]}, r_hip_knee: {[0.294254,-0.955721,0.003526,],[0.920920,0.282549,-0.268464,],[0.255580,0.082244,0.963283,]}, l_elbow_hand: {[-0.200425,-0.045524,-0.978651,],[-0.225794,0.974175,0.000926,],[0.953335,0.221159,-0.205528,]}, l_should_elbow: {[-0.840537,0.220761,-0.494735,],[-0.205546,0.714974,0.668253,],[0.501247,0.663382,-0.555585,]}, r_elbow_hand: {[-0.619748,-0.682485,0.387463,],[0.259787,-0.644279,-0.719316,],[0.740557,-0.345136,0.576591,]}, r_should_elbow: {[-0.664032,-0.155080,-0.731445,],[0.304791,0.837146,-0.454191,],[0.682762,-0.524535,-0.508624,]}, l_spine_should: {[-0.957836,-0.218885,-0.186117,],[0.214167,-0.112113,-0.970342,],[0.191527,-0.969288,0.154263,]}, r_spine_should: {[-0.977281,0.106989,0.182960,],[-0.138765,0.329508,-0.933899,],[-0.160204,-0.938071,-0.307176,]}, hip_spine: {[0.999963,-0.008582,0.000325,],[0.005677,0.688933,0.724803,],[-0.006444,-0.724774,0.688956,]}
FRAME: 19 l_knee_foot: {[0.998691,-0.012046,0.049713,],[0.028206,0.940448,-0.338767,],[-0.042671,0.339725,0.939556,]}, l_hip_knee: {[0.592515,-0.793074,-0.141277,],[0.727794,0.602198,-0.328137,],[0.345313,0.091605,0.934006,]}, r_knee_foot: {[0.988861,-0.038687,0.143727,],[0.091403,0.919948,-0.381236,],[-0.117473,0.390126,0.913237,]}, r_hip_knee: {[0.294640,-0.955605,0.002668,],[0.920381,0.283026,-0.269804,],[0.257070,0.081951,0.962912,]}, l_elbow_hand: {[-0.205966,-0.044551,-0.977545,],[-0.225156,0.974318,0.003036,],[0.952304,0.220725,-0.210708,]}, l_should_elbow: {[-0.843804,0.215490,-0.491485,],[-0.217300,0.700202,0.680072,],[0.490688,0.680647,-0.544008,]}, r_elbow_hand: {[-0.622869,-0.678452,0.389534,],[0.259563,-0.648932,-0.715202,],[0.738012,-0.344368,0.580301,]}, r_should_elbow: {[-0.665262,-0.160736,-0.729103,],[0.291348,0.843239,-0.451735,],[0.687418,-0.512945,-0.514145,]}, l_spine_should: {[-0.959484,-0.208115,-0.189946,],[0.225604,-0.163571,-0.960389,],[0.168802,-0.964330,0.203896,]}, r_spine_should: {[-0.975726,0.114403,0.186734,],[-0.130481,0.381105,-0.915278,],[-0.175876,-0.917426,-0.356927,]}, hip_spine: {[0.999959,-0.009037,-0.000183,],[0.006252,0.676897,0.736051,],[-0.006528,-0.736022,0.676926,]}
FRAME: 20 l_knee_foot: {[0.998551,-0.010816,0.052724,],[0.030524,0.920635,-0.389228,],[-0.044330,0.390273,0.919631,]}, l_hip_knee: {[0.594721,-0.791132,-0.142886,],[0.725449,0.604712,-0.328706,],[0.346455,0.091832,0.933561,]}, r_knee_foot: {[0.988227,-0.035170,0.148898,],[0.096830,0.897278,-0.430715,],[-0.118455,0.440062,0.890120,]}, r_hip_knee: {[0.295631,-0.955292,0.004316,],[0.921101,0.283846,-0.266466,],[0.253328,0.082751,0.963835,]}, l_elbow_hand: {[-0.236274,-0.041708,-0.970791,],[-0.223163,0.974702,0.012438,],[0.945713,0.219584,-0.239605,]}, l_should_elbow: {[-0.862361,0.188269,-0.469986,],[-0.258195,0.634971,0.728112,],[0.435508,0.749244,-0.498964,]}, r_elbow_hand: {[-0.597968,-0.706251,0.379003,],[0.212909,-0.595828,-0.774377,],[0.772725,-0.382360,0.506653,]}, r_should_elbow: {[-0.657184,-0.165169,-0.735410,],[0.288918,0.845965,-0.448185,],[0.696157,-0.507013,-0.508235,]}, l_spine_should: {[-0.963492,-0.186302,-0.192287,],[0.234658,-0.241802,-0.941524,],[0.128912,-0.952273,0.276691,]}, r_spine_should: {[-0.971213,0.127516,0.201210,],[-0.129921,0.424428,-0.896092,],[-0.199665,-0.896438,-0.395643,]}, hip_spine: {[0.999955,-0.009419,-0.000719,],[0.006875,0.673420,0.739228,],[-0.006479,-0.739200,0.673454,]}
FRAME: 21 l_knee_foot: {[0.998549,-0.011228,0.052676,],[0.030422,0.924651,-0.379599,],[-0.044445,0.380651,0.923650,]}, l_hip_knee: {[0.595316,-0.790569,-0.143524,],[0.724676,0.605439,-0.329072,],[0.347049,0.091893,0.933334,]}, r_knee_foot: {[0.988484,-0.035588,0.147083,],[0.095229,0.901661,-0.421829,],[-0.117607,0.430978,0.894666,]}, r_hip_knee: {[0.296655,-0.954975,0.004388,],[0.920953,0.284864,-0.265891,],[0.252669,0.082918,0.963993,]}, l_elbow_hand: {[-0.222645,-0.037386,-0.974182,],[-0.220317,0.975343,0.012922,],[0.949679,0.217506,-0.225392,]}, l_should_elbow: {[-0.853361,0.201202,-0.480929,],[-0.242199,0.663905,0.707509,],[0.461643,0.720242,-0.517820,]}, r_elbow_hand: {[-0.599424,-0.704477,0.380004,],[0.213841,-0.598436,-0.772105,],[0.771338,-0.381558,0.509363,]}, r_should_elbow: {[-0.658888,-0.162661,-0.734444,],[0.292936,0.843787,-0.449679,],[0.692860,-0.511434,-0.508312,]}, l_spine_should: {[-0.963122,-0.189164,-0.191347,],[0.232844,-0.229587,-0.945025,],[0.134834,-0.954728,0.265167,]}, r_spine_should: {[-0.971794,0.125814,0.199467,],[-0.130637,0.416989,-0.899474,],[-0.196342,-0.900162,-0.388792,]}, hip_spine: {[0.999957,-0.009238,-0.000482,],[0.006603,0.676325,0.736573,],[-0.006478,-0.736545,0.676358,]}
FRAME: 22 l_knee_foot: {[0.998571,-0.011293,0.052240,],[0.030099,0.926510,-0.375063,],[-0.044166,0.376099,0.925526,]}, l_hip_knee: {[0.595156,-0.790722,-0.143349,],[0.724887,0.605242,-0.328970,],[0.346885,0.091877,0.933397,]}, r_knee_foot: {[0.988744,-0.035610,0.145319,],[0.093826,0.904128,-0.416832,],[-0.116544,0.425774,0.897292,]}, r_hip_knee: {[0.296982,-0.954873,0.004485,],[0.920945,0.285183,-0.265576,],[0.252313,0.083002,0.964079,]}, l_elbow_hand: {[-0.221770,-0.038416,-0.974342,],[-0.221015,0.975198,0.011855,],[0.949721,0.217974,-0.224760,]}, l_should_elbow: {[-0.851983,0.203529,-0.482391,],[-0.237992,0.670117,0.703066,],[0.466353,0.713806,-0.522490,]}, r_elbow_hand: {[-0.599402,-0.704510,0.379976,],[0.213919,-0.598428,-0.772089,],[0.771333,-0.381508,0.509408,]}, r_should_elbow: {[-0.658943,-0.162093,-0.734520,],[0.294143,0.843219,-0.449958,],[0.692296,-0.512551,-0.507955,]}, l_spine_should: {[-0.962832,-0.191403,-0.190574,],[0.231280,-0.219801,-0.947733,],[0.139511,-0.956584,0.255899,]}, r_spine_should: {[-0.972234,0.124460,0.198170,],[-0.131364,0.410550,-0.902326,],[-0.193662,-0.903304,-0.382801,]}, hip_spine: {[0.999960,-0.008945,-0.000078,],[0.006134,0.679314,0.733822,],[-0.006511,-0.733793,0.679342,]}
FRAME: 23 l_knee_foot: {[0.998596,-0.010993,0.051828,],[0.029852,0.924920,-0.378987,],[-0.043771,0.380002,0.923949,]}, l_hip_knee: {[0.596759,-0.788363,-0.149541,],[0.719734,0.608284,-0.334624,],[0.354768,0.092060,0.930411,]}, r_knee_foot: {[0.988699,-0.034535,0.145882,],[0.094686,0.898295,-0.429070,],[-0.116227,0.438034,0.891413,]}, r_hip_knee: {[0.296293,-0.955086,0.004519,],[0.921090,0.284489,-0.265818,],[0.252594,0.082922,0.964013,]}, l_elbow_hand: {[-0.221049,-0.037844,-0.974528,],[-0.220632,0.975281,0.012172,],[0.949978,0.217703,-0.223934,]}, l_should_elbow: {[-0.853248,0.201870,-0.480850,],[-0.240061,0.666507,0.705790,],[0.462967,0.717647,-0.520234,]}, r_elbow_hand: {[-0.588091,-0.717693,0.372916,],[0.199264,-0.575432,-0.793204,],[0.783864,-0.392167,0.481416,]}, r_should_elbow: {[-0.647343,-0.169126,-0.743198,],[0.288841,0.847911,-0.444542,],[0.705349,-0.502438,-0.500039,]}, l_spine_should: {[-0.964335,-0.175690,-0.197966,],[0.243318,-0.294038,-0.924304,],[0.104182,-0.939508,0.326300,]}, r_spine_should: {[-0.969044,0.133906,0.207418,],[-0.125148,0.457774,-0.880217,],[-0.212817,-0.878927,-0.426845,]}, hip_spine: {[0.999961,-0.008784,0.000041,],[0.006010,0.687588,0.726076,],[-0.006406,-0.726048,0.687614,]}
FRAME: 24 l_knee_foot: {[0.998730,-0.010442,0.049279,],[0.028119,0.927238,-0.373416,],[-0.041794,0.374328,0.926354,]}, l_hip_knee: {[0.597987,-0.787303,-0.150221,],[0.718560,0.609634,-0.334690,],[0.355082,0.092197,0.930278,]}, r_knee_foot: {[0.988719,-0.033623,0.145957,],[0.095100,0.893775,-0.438318,],[-0.115715,0.447254,0.886890,]}, r_hip_knee: {[0.295416,-0.955356,0.004871,],[0.921440,0.283574,-0.265581,],[0.252343,0.082946,0.964076,]}, l_elbow_hand: {[-0.225313,-0.048304,-0.973088,],[-0.227670,0.973729,0.004380,],[0.947312,0.222530,-0.230391,]}, l_should_elbow: {[-0.854050,0.200846,-0.479854,],[-0.241226,0.664364,0.707411,],[0.460878,0.719918,-0.518951,]}, r_elbow_hand: {[-0.588208,-0.717746,0.372627,],[0.202217,-0.576668,-0.791557,],[0.783019,-0.390249,0.484341,]}, r_should_elbow: {[-0.647501,-0.168474,-0.743209,],[0.290181,0.847278,-0.444876,],[0.704655,-0.503723,-0.499725,]}, l_spine_should: {[-0.964205,-0.178130,-0.196416,],[0.241175,-0.281296,-0.928820,],[0.110200,-0.942943,0.314187,]}, r_spine_should: {[-0.969555,0.132429,0.205977,],[-0.126416,0.449707,-0.884184,],[-0.209721,-0.883304,-0.419275,]}, hip_spine: {[0.999962,-0.008770,0.000043,],[0.006010,0.688842,0.724887,],[-0.006387,-0.724859,0.688868,]}
FRAME: 25 l_knee_foot: {[0.998866,-0.009654,0.046628,],[0.026352,0.927676,-0.372456,],[-0.039660,0.373262,0.926878,]}, l_hip_knee: {[0.599004,-0.786283,-0.151501,],[0.717087,0.610930,-0.335485,],[0.356343,0.092317,0.929783,]}, r_knee_foot: {[0.988672,-0.032332,0.146569,],[0.096091,0.886513,-0.452617,],[-0.115301,0.461574,0.879577,]}, r_hip_knee: {[0.294822,-0.955541,0.004683,],[0.921446,0.282999,-0.266174,],[0.253014,0.082789,0.963914,]}, l_elbow_hand: {[-0.234366,-0.056791,-0.970488,],[-0.233381,0.972385,-0.000542,],[0.943719,0.226366,-0.241148,]}, l_should_elbow: {[-0.860345,0.190655,-0.472712,],[-0.256801,0.638976,0.725095,],[0.440295,0.745225,-0.500779,]}, r_elbow_hand: {[-0.589454,-0.716555,0.372953,],[0.207502,-0.580508,-0.787372,],[0.780697,-0.386730,0.490869,]}, r_should_elbow: {[-0.648195,-0.167512,-0.742821,],[0.291737,0.846440,-0.445453,],[0.703372,-0.505449,-0.499789,]}, l_spine_should: {[-0.964167,-0.179697,-0.195170,],[0.239378,-0.272125,-0.932012,],[0.114369,-0.945334,0.305389,]}, r_spine_should: {[-0.969856,0.131440,0.205188,],[-0.127703,0.442994,-0.887383,],[-0.207535,-0.886837,-0.412855,]}, hip_spine: {[0.999962,-0.008754,0.000055,],[0.005998,0.689673,0.724096,],[-0.006376,-0.724068,0.689699,]}
FRAME: 26 l_knee_foot: {[0.999050,-0.007950,0.042848,],[0.023895,0.922171,-0.386043,],[-0.036444,0.386700,0.921485,]}, l_hip_knee: {[0.603109,-0.782797,-0.153260,],[0.713481,0.615322,-0.335147,],[0.356657,0.092782,0.929617,]}, r_knee_foot: {[0.988016,-0.029886,0.151433,],[0.100955,0.867256,-0.487519,],[-0.116761,0.496965,0.859879,]}, r_hip_knee: {[0.294642,-0.955597,0.004509,],[0.921385,0.282836,-0.266559,],[0.253448,0.082694,0.963808,]}, l_elbow_hand: {[-0.239058,-0.059523,-0.969179,],[-0.235218,0.971941,-0.001673,],[0.942085,0.227569,-0.246351,]}, l_should_elbow: {[-0.868994,0.176089,-0.462431,],[-0.275404,0.604300,0.747645,],[0.411099,0.777055,-0.476638,]}, r_elbow_hand: {[-0.572320,-0.736155,0.361283,],[0.183347,-0.544294,-0.818613,],[0.799270,-0.402269,0.446482,]}, r_should_elbow: {[-0.639999,-0.167152,-0.749974,],[0.299881,0.844311,-0.444084,],[0.707440,-0.509117,-0.490232,]}, l_spine_should: {[-0.964915,-0.174350,-0.196320,],[0.241044,-0.291763,-0.925620,],[0.104103,-0.940466,0.323553,]}, r_spine_should: {[-0.968620,0.134370,0.209095,],[-0.128354,0.449986,-0.883764,],[-0.212841,-0.882869,-0.418618,]}, hip_spine: {[0.999963,-0.008641,0.000038,],[0.006036,0.701685,0.712461,],[-0.006183,-0.712434,0.701711,]}
FRAME: 27 l_knee_foot: {[0.999131,-0.007146,0.041058,],[0.022722,0.919282,-0.392943,],[-0.034935,0.393534,0.918646,]}, l_hip_knee: {[0.609750,-0.777082,-0.156037,],[0.707618,0.622409,-0.334491,],[0.357046,0.093541,0.929391,]}, r_knee_foot: {[0.988008,-0.028139,0.151818,],[0.101975,0.857219,-0.504755,],[-0.115938,0.514184,0.849808,]}, r_hip_knee: {[0.293564,-0.955931,0.004054,],[0.921331,0.281802,-0.267837,],[0.254891,0.082362,0.963456,]}, l_elbow_hand: {[-0.241736,-0.069674,-0.967837,],[-0.242091,0.970208,-0.009378,],[0.939657,0.232037,-0.251402,]}, l_should_elbow: {[-0.867417,0.178358,-0.464517,],[-0.273636,0.608721,0.744702,],[0.415585,0.773076,-0.479210,]}, r_elbow_hand: {[-0.560371,-0.749663,0.352122,],[0.165833,-0.518089,-0.839097,],[0.811470,-0.411812,0.414641,]}, r_should_elbow: {[-0.631775,-0.164365,-0.757525,],[0.313638,0.839488,-0.443723,],[0.708866,-0.517922,-0.478817,]}, l_spine_should: {[-0.964722,-0.176692,-0.195170,],[0.239460,-0.280830,-0.929405,],[0.109409,-0.943353,0.313233,]}, r_spine_should: {[-0.969126,0.133015,0.207610,],[-0.129022,0.443951,-0.886713,],[-0.210115,-0.886123,-0.413083,]}, hip_spine: {[0.999964,-0.008483,0.000098,],[0.005977,0.712698,0.701445,],[-0.006021,-0.701419,0.712723,]}
FRAME: 28 l_knee_foot: {[0.999346,-0.005567,0.035735,],[0.019151,0.919642,-0.392290,],[-0.030680,0.392717,0.919147,]}, l_hip_knee: {[0.611511,-0.775510,-0.156967,],[0.705912,0.624336,-0.334505,],[0.357412,0.093748,0.929230,]}, r_knee_foot: {[0.988186,-0.028202,0.150644,],[0.101005,0.859106,-0.501732,],[-0.115269,0.511020,0.851805,]}, r_hip_knee: {[0.292968,-0.956117,0.003186,],[0.920962,0.281298,-0.269631,],[0.256903,0.081928,0.962958,]}, l_elbow_hand: {[-0.230627,-0.072270,-0.970355,],[-0.243836,0.969712,-0.014269,],[0.941995,0.233316,-0.241264,]}, l_should_elbow: {[-0.862689,0.185608,-0.470444,],[-0.266076,0.624494,0.734310,],[0.430083,0.758655,-0.489358,]}, r_elbow_hand: {[-0.559493,-0.750788,0.351120,],[0.167655,-0.517389,-0.839166,],[0.811702,-0.410641,0.415349,]}, r_should_elbow: {[-0.636126,-0.158545,-0.755120,],[0.322926,0.834121,-0.447171,],[0.700758,-0.528305,-0.479408,]}, l_spine_should: {[-0.964046,-0.179927,-0.195556,],[0.239916,-0.272887,-0.931651,],[0.114264,-0.945071,0.306242,]}, r_spine_should: {[-0.969937,0.131371,0.204851,],[-0.126990,0.444849,-0.886557,],[-0.207596,-0.885918,-0.414793,]}, hip_spine: {[0.999965,-0.008411,0.000164,],[0.005901,0.715197,0.698898,],[-0.005996,-0.698873,0.715221,]}
FRAME: 29 l_knee_foot: {[0.998206,-0.010213,0.058987,],[0.035233,0.896835,-0.440959,],[-0.048398,0.442247,0.895586,]}, l_hip_knee: {[0.625766,-0.762373,-0.164937,],[0.691515,0.640053,-0.334871,],[0.360865,0.095494,0.927716,]}, r_knee_foot: {[0.993383,-0.017474,0.113508,],[0.075444,0.844473,-0.530258,],[-0.086588,0.535313,0.840204,]}, r_hip_knee: {[0.292357,-0.956307,0.001962,],[0.920393,0.280819,-0.272062,],[0.259624,0.081345,0.962278,]}, l_elbow_hand: {[-0.230512,-0.074663,-0.970201,],[-0.245449,0.969273,-0.016275,],[0.941605,0.234384,-0.241755,]}, l_should_elbow: {[-0.852766,0.203949,-0.480826,],[-0.233776,0.674194,0.700580,],[0.467053,0.709836,-0.527251,]}, r_elbow_hand: {[-0.559582,-0.750683,0.351202,],[0.167673,-0.517541,-0.839069,],[0.811637,-0.410641,0.415476,]}, r_should_elbow: {[-0.615276,-0.162748,-0.771329,],[0.332272,0.833752,-0.440967,],[0.714864,-0.527608,-0.458911,]}, l_spine_should: {[-0.963518,-0.193127,-0.185298,],[0.222757,-0.194866,-0.955200,],[0.148367,-0.961628,0.230777,]}, r_spine_should: {[-0.972096,0.123010,0.199746,],[-0.139850,0.379738,-0.914462,],[-0.188339,-0.916879,-0.351938,]}, hip_spine: {[0.999958,-0.009119,-0.001033,],[0.007343,0.727428,0.686144,],[-0.005505,-0.686123,0.727465,]}
FRAME: 30 l_knee_foot: {[0.997935,-0.010310,0.063398,],[0.038525,0.885858,-0.462355,],[-0.051395,0.463842,0.884426,]}, l_hip_knee: {[0.627351,-0.759951,-0.170014,],[0.686891,0.642871,-0.338966,],[0.366895,0.095869,0.925309,]}, r_knee_foot: {[0.994477,-0.015702,0.103775,],[0.068336,0.847328,-0.526655,],[-0.079662,0.530838,0.843721,]}, r_hip_knee: {[0.290126,-0.956986,0.001965,],[0.920778,0.278588,-0.273052,],[0.260759,0.081029,0.961997,]}, l_elbow_hand: {[-0.225148,-0.072314,-0.971637,],[-0.243847,0.969687,-0.015665,],[0.943317,0.233404,-0.235956,]}, l_should_elbow: {[-0.853581,0.209922,-0.476794,],[-0.207992,0.701793,0.681341,],[0.477639,0.680749,-0.555375,]}, r_elbow_hand: {[-0.562388,-0.747722,0.353031,],[0.175963,-0.525391,-0.832467,],[0.807933,-0.406049,0.427045,]}, r_should_elbow: {[-0.612592,-0.164380,-0.773117,],[0.330871,0.834976,-0.439704,],[0.717813,-0.525161,-0.457111,]}, l_spine_should: {[-0.964027,-0.190902,-0.184956,],[0.222756,-0.200583,-0.954016,],[0.145024,-0.960897,0.235892,]}, r_spine_should: {[-0.971572,0.124279,0.201499,],[-0.140806,0.380880,-0.913840,],[-0.190318,-0.916234,-0.352553,]}, hip_spine: {[0.999950,-0.009823,-0.002050,],[0.008563,0.728798,0.684675,],[-0.005232,-0.684658,0.728846,]}
FRAME: 31 l_knee_foot: {[0.997575,-0.010301,0.068839,],[0.042679,0.871792,-0.488013,],[-0.054986,0.489768,0.870117,]}, l_hip_knee: {[0.629443,-0.756904,-0.175778,],[0.681383,0.646383,-0.343374,],[0.373521,0.096362,0.922603,]}, r_knee_foot: {[0.995953,-0.012640,0.088980,],[0.057676,0.849182,-0.524941,],[-0.068925,0.527949,0.846475,]}, r_hip_knee: {[0.289160,-0.957280,0.001414,],[0.920632,0.277685,-0.274458,],[0.262340,0.080664,0.961598,]}, l_elbow_hand: {[-0.226064,-0.072772,-0.971390,],[-0.244159,0.969606,-0.015817,],[0.943017,0.233598,-0.236961,]}, l_should_elbow: {[-0.850205,0.218200,-0.479105,],[-0.185511,0.727515,0.660536,],[0.492685,0.650469,-0.578058,]}, r_elbow_hand: {[-0.566152,-0.743643,0.355623,],[0.184511,-0.534803,-0.824585,],[0.803385,-0.401225,0.439990,]}, r_should_elbow: {[-0.605516,-0.168234,-0.777848,],[0.328063,0.837726,-0.436566,],[0.725069,-0.519530,-0.452066,]}, l_spine_should: {[-0.964389,-0.190685,-0.183283,],[0.220221,-0.195136,-0.955732,],[0.146479,-0.962061,0.230180,]}, r_spine_should: {[-0.971342,0.124331,0.202574,],[-0.143570,0.372323,-0.916932,],[-0.189426,-0.919738,-0.343803,]}, hip_spine: {[0.999945,-0.010167,-0.002621,],[0.009258,0.736028,0.676887,],[-0.004952,-0.676874,0.736082,]}
FRAME: 32 l_knee_foot: {[0.996850,-0.012957,0.078239,],[0.049176,0.874982,-0.481651,],[-0.062217,0.483982,0.872864,]}, l_hip_knee: {[0.628944,-0.757324,-0.175756,],[0.681716,0.645900,-0.343624,],[0.373756,0.096305,0.922514,]}, r_knee_foot: {[0.996415,-0.013837,0.083464,],[0.052965,0.871315,-0.487858,],[-0.065973,0.490529,0.868924,]}, r_hip_knee: {[0.287415,-0.957806,0.000739,],[0.920541,0.276020,-0.276436,],[0.264568,0.080132,0.961032,]}, l_elbow_hand: {[-0.212334,-0.081050,-0.973830,],[-0.249627,0.967989,-0.026135,],[0.944776,0.237545,-0.225770,]}, l_should_elbow: {[-0.852573,0.219930,-0.474077,],[-0.171039,0.739755,0.650775,],[0.493827,0.635919,-0.593079,]}, r_elbow_hand: {[-0.569342,-0.740511,0.357062,],[0.198072,-0.545094,-0.814641,],[0.797883,-0.393085,0.457020,]}, r_should_elbow: {[-0.593015,-0.175917,-0.785740,],[0.320375,0.843721,-0.430692,],[0.738711,-0.507138,-0.443979,]}, l_spine_should: {[-0.964880,-0.188405,-0.183057,],[0.220394,-0.201401,-0.954392,],[0.142945,-0.961219,0.235851,]}, r_spine_should: {[-0.970815,0.125632,0.204292,],[-0.144364,0.374094,-0.916086,],[-0.191514,-0.918842,-0.345039,]}, hip_spine: {[0.999930,-0.011161,-0.004008,],[0.010925,0.735515,0.677420,],[-0.004613,-0.677416,0.735585,]}
FRAME: 33 l_knee_foot: {[0.996259,-0.015171,0.085078,],[0.053806,0.879270,-0.473274,],[-0.067626,0.476081,0.876797,]}, l_hip_knee: {[0.630970,-0.755324,-0.177092,],[0.679451,0.648193,-0.343792,],[0.374464,0.096597,0.922196,]}, r_knee_foot: {[0.998584,-0.006639,0.052785,],[0.031347,0.875084,-0.482955,],[-0.042985,0.483925,0.874053,]}, r_hip_knee: {[0.287952,-0.957645,0.000752,],[0.920460,0.276554,-0.276172,],[0.264267,0.080216,0.961108,]}, l_elbow_hand: {[-0.208487,-0.084595,-0.974360,],[-0.251959,0.967271,-0.030067,],[0.945013,0.239230,-0.222978,]}, l_should_elbow: {[-0.852491,0.221726,-0.473387,],[-0.163908,0.746539,0.644836,],[0.496379,0.627309,-0.600076,]}, r_elbow_hand: {[-0.572545,-0.737255,0.358675,],[0.208962,-0.554249,-0.805694,],[0.792797,-0.386346,0.471391,]}, r_should_elbow: {[-0.585971,-0.177853,-0.790574,],[0.321642,0.844422,-0.428367,],[0.743764,-0.505292,-0.437602,]}, l_spine_should: {[-0.965537,-0.188500,-0.179460,],[0.214844,-0.188074,-0.958368,],[0.146901,-0.963896,0.222090,]}, r_spine_should: {[-0.970419,0.125537,0.206220,],[-0.150050,0.355547,-0.922535,],[-0.189133,-0.926189,-0.326193,]}, hip_spine: {[0.999915,-0.011982,-0.005153,],[0.012300,0.734816,0.678155,],[-0.004339,-0.678161,0.734901,]}
FRAME: 34 l_knee_foot: {[0.995838,-0.016694,0.089603,],[0.056844,0.882224,-0.467386,],[-0.071247,0.470534,0.879501,]}, l_hip_knee: {[0.632918,-0.753394,-0.178357,],[0.677277,0.650393,-0.343925,],[0.375114,0.096880,0.921902,]}, r_knee_foot: {[0.999307,-0.003015,0.037094,],[0.020324,0.879170,-0.476074,],[-0.031176,0.476498,0.878622,]}, r_hip_knee: {[0.288747,-0.957405,0.001275,],[0.920624,0.277288,-0.274888,],[0.262826,0.080547,0.961475,]}, l_elbow_hand: {[-0.200868,-0.088730,-0.975592,],[-0.254622,0.966390,-0.035468,],[0.945949,0.241283,-0.216709,]}, l_should_elbow: {[-0.847506,0.228936,-0.478876,],[-0.148478,0.763930,0.627985,],[0.509596,0.603323,-0.613443,]}, r_elbow_hand: {[-0.575931,-0.733858,0.360216,],[0.220885,-0.563936,-0.795729,],[0.787091,-0.378719,0.486887,]}, r_should_elbow: {[-0.586152,-0.177164,-0.790594,],[0.323204,0.843665,-0.428683,],[0.742943,-0.506797,-0.437255,]}, l_spine_should: {[-0.965673,-0.191923,-0.175047,],[0.207007,-0.161498,-0.964918,],[0.156920,-0.968031,0.195683,]}, r_spine_should: {[-0.970580,0.123690,0.206580,],[-0.156508,0.327903,-0.931657,],[-0.182975,-0.936579,-0.298898,]}, hip_spine: {[0.999905,-0.012456,-0.005817,],[0.013099,0.734685,0.678282,],[-0.004175,-0.678294,0.734779,]}
FRAME: 35 l_knee_foot: {[0.995776,-0.016205,0.090369,],[0.057596,0.876781,-0.477428,],[-0.071497,0.480617,0.874011,]}, l_hip_knee: {[0.633136,-0.753121,-0.178739,],[0.676856,0.650703,-0.344167,],[0.375505,0.096924,0.921738,]}, r_knee_foot: {[0.998675,-0.005534,0.051171,],[0.030361,0.866147,-0.498867,],[-0.041561,0.499759,0.865167,]}, r_hip_knee: {[0.288389,-0.957513,0.000396,],[0.920187,0.277032,-0.276604,],[0.264742,0.080134,0.960984,]}, l_elbow_hand: {[-0.204082,-0.086891,-0.975090,],[-0.253440,0.966784,-0.033107,],[0.945579,0.240370,-0.219325,]}, l_should_elbow: {[-0.847992,0.224722,-0.480010,],[-0.165079,0.748628,0.642110,],[0.503645,0.623744,-0.597733,]}, r_elbow_hand: {[-0.571574,-0.738751,0.357142,],[0.215549,-0.555140,-0.803342,],[0.791733,-0.382188,0.476541,]}, r_should_elbow: {[-0.597033,-0.169307,-0.784147,],[0.333006,0.836975,-0.434257,],[0.729834,-0.520392,-0.443321,]}, l_spine_should: {[-0.966147,-0.188708,-0.175925,],[0.209320,-0.174743,-0.962107,],[0.150816,-0.966361,0.208327,]}, r_spine_should: {[-0.970018,0.125507,0.208119,],[-0.155524,0.337478,-0.928397,],[-0.186756,-0.932929,-0.307840,]}, hip_spine: {[0.999906,-0.012446,-0.005809,],[0.013090,0.735496,0.677403,],[-0.004159,-0.677415,0.735589,]}
