[[-0.871807, 1.004028, -0.091635], [-0.868156, 1.075018, -0.074993], [-0.759203, 0.954043, -0.168614], [-1.000827, 0.942095, -0.075842], [-0.866282, 1.145203, -0.026783], [-0.867687, 1.375352, 0.150939], [-0.747090, 1.480674, 0.212327], [-0.998408, 1.466914, 0.213656], [-0.598348, 1.444434, 0.210527], [-0.289858, 1.385612, 0.344428], [-0.381895, 1.338143, 0.740722], [-0.518119, 1.276620, 0.785197], [-0.537750, 1.273629, 0.798115], [-0.558899, 1.270451, 0.815033], [-0.607191, 1.266441, 0.854559], [-0.530043, 1.367797, 0.855567], [-0.562577, 1.396241, 0.874330], [-0.578500, 1.389992, 0.897576], [-0.592208, 1.349709, 0.941922], [-0.491319, 1.385138, 0.875868], [-0.526249, 1.407092, 0.903160], [-0.546459, 1.403136, 0.929484], [-0.564783, 1.382165, 0.964343], [-0.445396, 1.387170, 0.883512], [-0.469705, 1.395156, 0.907787], [-0.488437, 1.394007, 0.930692], [-0.516994, 1.384957, 0.969811], [-0.405526, 1.377922, 0.878251], [-0.423921, 1.380278, 0.905874], [-0.442269, 1.381721, 0.929754], [-0.478391, 1.386857, 0.975453], [-1.135016, 1.401341, 0.191767], [-1.361889, 1.332724, -0.053949], [-1.716105, 1.138578, 0.013960], [-1.769480, 1.045098, 0.126799], [-1.780175, 1.033002, 0.144135], [-1.800218, 1.016500, 0.152478], [-1.848610, 0.980729, 0.169479], [-1.875918, 1.080800, 0.098449], [-1.920274, 1.075789, 0.113517], [-1.934621, 1.050919, 0.116450], [-1.938001, 0.989679, 0.112519], [-1.884904, 1.089348, 0.053078], [-1.929927, 1.074818, 0.067526], [-1.949492, 1.048169, 0.072434], [-1.962521, 1.005526, 0.074024], [-1.873327, 1.093058, 0.008092], [-1.902425, 1.075217, 0.016981], [-1.921825, 1.053521, 0.022433], [-1.949567, 1.013471, 0.029791], [-1.848494, 1.093620, -0.024860], [-1.872614, 1.071440, -0.019092], [-1.894469, 1.051340, -0.013866], [-1.938660, 1.014596, -0.003066], [-0.706346, 0.486281, -0.146370], [-0.880919, 0.301045, -0.633662], [-0.923500, 0.092548, -0.667197], [-0.916228, 0.022542, -0.601064], [-0.994940, 0.718200, 0.338798], [-1.036286, 0.179612, 0.236549], [-1.034936, 0.018770, 0.379856], [-1.014975, 0.019336, 0.474347]]
FRAME: 6 l_knee_foot: {[0.997448,-0.019623,0.068653,],[0.040310,0.948373,-0.314583,],[-0.058935,0.316548,0.946744,]}, l_hip_knee: {[0.616260,-0.787284,-0.020215,],[0.772429,0.609238,-0.179393,],[0.153549,0.094938,0.983570,]}, r_knee_foot: {[0.995191,-0.026484,0.094310,],[0.057475,0.937489,-0.343236,],[-0.079325,0.347006,0.934502,]}, r_hip_knee: {[0.250405,-0.968064,0.012222,],[0.932373,0.237735,-0.272328,],[0.260725,0.079588,0.962127,]}, l_elbow_hand: {[0.832080,0.303510,-0.464246,],[-0.384725,0.918739,-0.088908,],[0.399536,0.252585,0.881233,]}, l_should_elbow: {[0.609097,0.178051,0.772851,],[-0.203241,0.976975,-0.064900,],[-0.766612,-0.117545,0.631260,]}, r_elbow_hand: {[-0.450404,0.209138,0.867985,],[0.495821,0.867077,0.048366,],[-0.742494,0.452149,-0.494230,]}, r_should_elbow: {[0.901526,-0.140502,0.409279,],[0.147113,0.988999,0.015469,],[-0.406950,0.046265,0.912278,]}, l_spine_should: {[0.974555,-0.175675,-0.139214,],[0.173821,0.984448,-0.025466,],[0.141523,0.000619,0.989935,]}, r_spine_should: {[0.961795,0.163562,0.219540,],[-0.167835,0.985815,0.000826,],[-0.216290,-0.037641,0.975603,]}, hip_spine: {[0.998107,-0.037797,-0.048520,],[0.061487,0.594333,0.801865,],[-0.001471,-0.803330,0.595532,]}
FRAME: 7 l_knee_foot: {[0.996787,-0.022712,0.076806,],[0.045514,0.949696,-0.309847,],[-0.065905,0.312347,0.947679,]}, l_hip_knee: {[0.614322,-0.788694,-0.023877,],[0.772659,0.607418,-0.184501,],[0.160018,0.094894,0.982542,]}, r_knee_foot: {[0.994116,-0.026980,0.104903,],[0.065374,0.921652,-0.382470,],[-0.086365,0.387078,0.917993,]}, r_hip_knee: {[0.253112,-0.967417,0.006258,],[0.928573,0.241124,-0.282156,],[0.271454,0.077228,0.959348,]}, l_elbow_hand: {[0.831641,0.301333,-0.466447,],[-0.383659,0.919048,-0.090315,],[0.401472,0.254067,0.879927,]}, l_should_elbow: {[0.617006,0.178350,0.766482,],[-0.201953,0.977248,-0.064824,],[-0.760604,-0.114797,0.638986,]}, r_elbow_hand: {[-0.453581,0.215427,0.864786,],[0.501924,0.863571,0.048135,],[-0.736435,0.455890,-0.499828,]}, r_should_elbow: {[0.899985,-0.135296,0.414393,],[0.143256,0.989613,0.011975,],[-0.411709,0.048587,0.910019,]}, l_spine_should: {[0.973329,-0.177365,-0.145507,],[0.175479,0.984145,-0.025799,],[0.147775,-0.000423,0.989021,]}, r_spine_should: {[0.963433,0.162107,0.213350,],[-0.166001,0.986126,0.000338,],[-0.210335,-0.035742,0.976976,]}, hip_spine: {[0.998235,-0.036731,-0.046662,],[0.059360,0.594789,0.801687,],[-0.001693,-0.803042,0.595920,]}
FRAME: 8 l_knee_foot: {[0.996250,-0.025007,0.082827,],[0.049346,0.950580,-0.306533,],[-0.071068,0.309471,0.948249,]}, l_hip_knee: {[0.613839,-0.788888,-0.029293,],[0.771213,0.607185,-0.191197,],[0.168619,0.094774,0.981114,]}, r_knee_foot: {[0.993183,-0.028950,0.112917,],[0.070895,0.918943,-0.387966,],[-0.092533,0.393326,0.914731,]}, r_hip_knee: {[0.258413,-0.966029,-0.003332,],[0.922124,0.247694,-0.297211,],[0.287939,0.073731,0.954806,]}, l_elbow_hand: {[0.829675,0.295977,-0.473325,],[-0.381688,0.919491,-0.094076,],[0.407374,0.258715,0.875850,]}, l_should_elbow: {[0.620909,0.175037,0.764090,],[-0.200301,0.977819,-0.061231,],[-0.757860,-0.115029,0.642197,]}, r_elbow_hand: {[-0.457222,0.214578,0.863079,],[0.499987,0.864593,0.049917,],[-0.735501,0.454351,-0.502597,]}, r_should_elbow: {[0.899231,-0.130072,0.417690,],[0.139239,0.990221,0.008599,],[-0.414724,0.050426,0.908549,]}, l_spine_should: {[0.973328,-0.175181,-0.148136,],[0.173350,0.984536,-0.025286,],[0.150275,-0.001067,0.988644,]}, r_spine_should: {[0.963592,0.164384,0.210874,],[-0.168000,0.985787,-0.000777,],[-0.208005,-0.034678,0.977513,]}, hip_spine: {[0.998458,-0.034772,-0.043264,],[0.055465,0.595350,0.801549,],[-0.002115,-0.802713,0.596361,]}
FRAME: 9 l_knee_foot: {[0.996022,-0.025934,0.085247,],[0.050884,0.950917,-0.305233,],[-0.073147,0.308356,0.948454,]}, l_hip_knee: {[0.611728,-0.790608,-0.026972,],[0.773482,0.604930,-0.189170,],[0.165875,0.094858,0.981574,]}, r_knee_foot: {[0.991792,-0.024181,0.125556,],[0.082520,0.871129,-0.484072,],[-0.097671,0.490459,0.865974,]}, r_hip_knee: {[0.261194,-0.965238,-0.009704,],[0.917773,0.251440,-0.307362,],[0.299117,0.071375,0.951543,]}, l_elbow_hand: {[0.834479,0.283975,-0.472232,],[-0.370437,0.923542,-0.099229,],[0.407948,0.257737,0.875871,]}, l_should_elbow: {[0.616024,0.179622,0.766975,],[-0.202492,0.977045,-0.066180,],[-0.761256,-0.114538,0.638255,]}, r_elbow_hand: {[-0.460564,0.222346,0.859327,],[0.507603,0.860168,0.049491,],[-0.728162,0.458991,-0.509026,]}, r_should_elbow: {[0.899744,-0.119922,0.419617,],[0.131026,0.991376,0.002378,],[-0.416284,0.052841,0.907698,]}, l_spine_should: {[0.973524,-0.170338,-0.152430,],[0.168632,0.985383,-0.024146,],[0.154315,-0.002198,0.988019,]}, r_spine_should: {[0.963601,0.169358,0.206859,],[-0.172480,0.985008,-0.002984,],[-0.204263,-0.032804,0.978366,]}, hip_spine: {[0.998757,-0.031920,-0.038278,],[0.049768,0.597318,0.800459,],[-0.002687,-0.801369,0.598164,]}
FRAME: 10 l_knee_foot: {[0.995658,-0.027054,0.089071,],[0.053405,0.949724,-0.308501,],[-0.076247,0.311918,0.947044,]}, l_hip_knee: {[0.611793,-0.790581,-0.026280,],[0.773666,0.604963,-0.188310,],[0.164773,0.094875,0.981758,]}, r_knee_foot: {[0.991069,-0.021703,0.131572,],[0.088288,0.846234,-0.525446,],[-0.099937,0.532370,0.840592,]}, r_hip_knee: {[0.262585,-0.964726,-0.018787,],[0.911613,0.254415,-0.322853,],[0.316244,0.067649,0.946263,]}, l_elbow_hand: {[0.839992,0.275824,-0.467262,],[-0.361024,0.926982,-0.101813,],[0.405062,0.254214,0.878237,]}, l_should_elbow: {[0.611873,0.185243,0.768958,],[-0.204822,0.976135,-0.072172,],[-0.763976,-0.113340,0.635212,]}, r_elbow_hand: {[-0.458704,0.237264,0.856327,],[0.524357,0.850294,0.045287,],[-0.717385,0.469794,-0.514444,]}, r_should_elbow: {[0.897268,-0.114114,0.426484,],[0.126945,0.991908,-0.001673,],[-0.422842,0.055641,0.904494,]}, l_spine_should: {[0.973681,-0.171651,-0.149937,],[0.169906,0.985156,-0.024470,],[0.151911,-0.001650,0.988393,]}, r_spine_should: {[0.963328,0.167970,0.209249,],[-0.171314,0.985214,-0.002175,],[-0.206521,-0.033752,0.977860,]}, hip_spine: {[0.998939,-0.030106,-0.034858,],[0.045975,0.605929,0.794189,],[-0.002789,-0.794949,0.606670,]}
FRAME: 11 l_knee_foot: {[0.995170,-0.027414,0.094258,],[0.057165,0.942443,-0.329443,],[-0.079801,0.333240,0.939459,]}, l_hip_knee: {[0.613165,-0.789432,-0.028735,],[0.771877,0.606474,-0.190773,],[0.168029,0.094795,0.981214,]}, r_knee_foot: {[0.991115,-0.021799,0.131212,],[0.087960,0.847390,-0.523634,],[-0.099773,0.530523,0.841778,]}, r_hip_knee: {[0.263723,-0.964433,-0.017839,],[0.912144,0.255355,-0.320603,],[0.313755,0.068278,0.947046,]}, l_elbow_hand: {[0.832415,0.265764,-0.486266,],[-0.360200,0.926327,-0.110334,],[0.421119,0.266997,0.866817,]}, l_should_elbow: {[0.609862,0.192861,0.768682,],[-0.207338,0.974983,-0.080123,],[-0.764905,-0.110513,0.634593,]}, r_elbow_hand: {[-0.472448,0.240341,0.847956,],[0.523740,0.850363,0.050784,],[-0.708865,0.468101,-0.527629,]}, r_should_elbow: {[0.887326,-0.105811,0.448840,],[0.122663,0.992412,-0.008541,],[-0.444530,0.062635,0.893571,]}, l_spine_should: {[0.974574,-0.170600,-0.145263,],[0.168866,0.985340,-0.024276,],[0.147275,-0.000871,0.989095,]}, r_spine_should: {[0.962161,0.168864,0.213846,],[-0.172483,0.985011,-0.001759,],[-0.210938,-0.035192,0.976866,]}, hip_spine: {[0.998997,-0.029703,-0.033493,],[0.044714,0.625891,0.778628,],[-0.002165,-0.779345,0.626592,]}
FRAME: 12 l_knee_foot: {[0.995029,-0.026538,0.095983,],[0.058720,0.934807,-0.350267,],[-0.080430,0.354162,0.931719,]}, l_hip_knee: {[0.613110,-0.789401,-0.030698,],[0.771248,0.606522,-0.193152,],[0.171093,0.094748,0.980689,]}, r_knee_foot: {[0.990620,-0.022008,0.134860,],[0.090810,0.843503,-0.529393,],[-0.102103,0.536674,0.837590,]}, r_hip_knee: {[0.261819,-0.964937,-0.018661,],[0.911772,0.253641,-0.323015,],[0.316422,0.067557,0.946210,]}, l_elbow_hand: {[0.828577,0.260150,-0.495764,],[-0.359469,0.926064,-0.114837,],[0.429234,0.273363,0.860831,]}, l_should_elbow: {[0.617484,0.186376,0.764184,],[-0.204206,0.976196,-0.073080,],[-0.759614,-0.110925,0.640845,]}, r_elbow_hand: {[-0.481566,0.248080,0.840566,],[0.529343,0.846728,0.053366,],[-0.698491,0.470647,-0.539075,]}, r_should_elbow: {[0.889744,-0.100761,0.445200,],[0.118108,0.992936,-0.011313,],[-0.440915,0.062648,0.895360,]}, l_spine_should: {[0.974601,-0.167838,-0.148264,],[0.166175,0.985813,-0.023621,],[0.150125,-0.001617,0.988666,]}, r_spine_should: {[0.962281,0.171722,0.211014,],[-0.175017,0.984560,-0.003107,],[-0.208290,-0.033941,0.977478,]}, hip_spine: {[0.999083,-0.028772,-0.031694,],[0.042754,0.634314,0.771892,],[-0.002105,-0.772540,0.634963,]}
FRAME: 13 l_knee_foot: {[0.994172,-0.029344,0.103733,],[0.063730,0.936073,-0.345986,],[-0.086949,0.350581,0.932487,]}, l_hip_knee: {[0.611333,-0.790617,-0.034598,],[0.771128,0.604949,-0.198491,],[0.177860,0.094664,0.979492,]}, r_knee_foot: {[0.990102,-0.022763,0.138490,],[0.093430,0.843239,-0.529356,],[-0.104731,0.537056,0.837020,]}, r_hip_knee: {[0.260600,-0.965258,-0.019088,],[0.911594,0.252527,-0.324387,],[0.317937,0.067135,0.945732,]}, l_elbow_hand: {[0.826428,0.253747,-0.502622,],[-0.356949,0.926491,-0.119172,],[0.435435,0.277897,0.856253,]}, l_should_elbow: {[0.609158,0.180913,0.772138,],[-0.204045,0.976608,-0.067844,],[-0.766349,-0.116223,0.631823,]}, r_elbow_hand: {[-0.487468,0.249793,0.836647,],[0.529414,0.846532,0.055716,],[-0.694331,0.470092,-0.544901,]}, r_should_elbow: {[0.886016,-0.092647,0.454304,],[0.112620,0.993492,-0.017034,],[-0.449769,0.066256,0.890684,]}, l_spine_should: {[0.976256,-0.165709,-0.139518,],[0.164070,0.986175,-0.023247,],[0.141441,-0.000195,0.989947,]}, r_spine_should: {[0.960029,0.173539,0.219612,],[-0.177349,0.984145,-0.002402,],[-0.216547,-0.036642,0.975584,]}, hip_spine: {[0.999253,-0.026703,-0.027952,],[0.038596,0.648593,0.760156,],[-0.002169,-0.760667,0.649139,]}
FRAME: 14 l_knee_foot: {[0.993200,-0.031497,0.112081,],[0.069403,0.933124,-0.352791,],[-0.093474,0.358171,0.928965,]}, l_hip_knee: {[0.611122,-0.790800,-0.034141,],[0.771438,0.604708,-0.198021,],[0.177240,0.094677,0.979603,]}, r_knee_foot: {[0.987018,-0.025759,0.158531,],[0.108389,0.835223,-0.539123,],[-0.118521,0.549307,0.827172,]}, r_hip_knee: {[0.259885,-0.965350,-0.023659,],[0.908489,0.252734,-0.332825,],[0.327272,0.065003,0.942692,]}, l_elbow_hand: {[0.827206,0.253834,-0.501297,],[-0.356411,0.926737,-0.118867,],[0.434399,0.276995,0.857072,]}, l_should_elbow: {[0.609077,0.179874,0.772445,],[-0.203763,0.976740,-0.066778,],[-0.766489,-0.116723,0.631562,]}, r_elbow_hand: {[-0.484731,0.246560,0.839193,],[0.526796,0.848205,0.055077,],[-0.698228,0.468781,-0.541038,]}, r_should_elbow: {[0.887164,-0.090285,0.452536,],[0.110476,0.993710,-0.018326,],[-0.448035,0.066252,0.891558,]}, l_spine_should: {[0.976932,-0.165011,-0.135557,],[0.163380,0.986292,-0.023144,],[0.137518,0.000462,0.990499,]}, r_spine_should: {[0.959035,0.174081,0.223488,],[-0.178146,0.984002,-0.002003,],[-0.220261,-0.037893,0.974705,]}, hip_spine: {[0.999288,-0.026164,-0.027200,],[0.037661,0.644264,0.763875,],[-0.002462,-0.764355,0.644790,]}
FRAME: 15 l_knee_foot: {[0.992521,-0.031548,0.117927,],[0.073883,0.924249,-0.374574,],[-0.097177,0.380485,0.919667,]}, l_hip_knee: {[0.609957,-0.791817,-0.031276,],[0.773257,0.603363,-0.195007,],[0.173281,0.094762,0.980303,]}, r_knee_foot: {[0.984308,-0.028447,0.174149,],[0.119922,0.831820,-0.541935,],[-0.129444,0.554316,0.822179,]}, r_hip_knee: {[0.243107,-0.969800,-0.019646,],[0.912540,0.235527,-0.334361,],[0.328891,0.063358,0.942240,]}, l_elbow_hand: {[0.825453,0.258421,-0.501842,],[-0.360726,0.925323,-0.116848,],[0.434170,0.277480,0.857030,]}, l_should_elbow: {[0.619192,0.177674,0.764874,],[-0.201374,0.977419,-0.064027,],[-0.758979,-0.114381,0.640990,]}, r_elbow_hand: {[-0.482859,0.245049,0.840713,],[0.525740,0.848896,0.054522,],[-0.700317,0.468323,-0.538730,]}, r_should_elbow: {[0.888034,-0.089691,0.450944,],[0.109791,0.993782,-0.018549,],[-0.446476,0.065982,0.892359,]}, l_spine_should: {[0.976535,-0.164501,-0.138989,],[0.162887,0.986377,-0.022986,],[0.140877,-0.000193,0.990027,]}, r_spine_should: {[0.959686,0.174725,0.220166,],[-0.178518,0.983933,-0.002705,],[-0.217102,-0.036708,0.975459,]}, hip_spine: {[0.999292,-0.026060,-0.027153,],[0.037542,0.639402,0.767955,],[-0.002651,-0.768431,0.639928,]}
FRAME: 16 l_knee_foot: {[0.992098,-0.031588,0.121423,],[0.076577,0.919072,-0.386579,],[-0.099385,0.392822,0.914228,]}, l_hip_knee: {[0.608881,-0.792709,-0.029603,],[0.774584,0.602181,-0.193384,],[0.171124,0.094818,0.980676,]}, r_knee_foot: {[0.983574,-0.028802,0.178194,],[0.123060,0.829212,-0.545219,],[-0.132057,0.558191,0.819136,]}, r_hip_knee: {[0.233045,-0.972313,-0.017227,],[0.914824,0.225205,-0.335231,],[0.329829,0.062365,0.941979,]}, l_elbow_hand: {[0.823748,0.260496,-0.503569,],[-0.363365,0.924369,-0.116222,],[0.435208,0.278717,0.856102,]}, l_should_elbow: {[0.623991,0.175244,0.761527,],[-0.199815,0.977913,-0.061312,],[-0.755452,-0.113907,0.645226,]}, r_elbow_hand: {[-0.480858,0.242631,0.842559,],[0.523749,0.850154,0.054091,],[-0.703180,0.467300,-0.535881,]}, r_should_elbow: {[0.888321,-0.088748,0.450566,],[0.108976,0.993861,-0.019092,],[-0.446105,0.066060,0.892539,]}, l_spine_should: {[0.976531,-0.163751,-0.139900,],[0.162155,0.986502,-0.022807,],[0.141746,-0.000414,0.989903,]}, r_spine_should: {[0.959741,0.175508,0.219303,],[-0.179203,0.983807,-0.003087,],[-0.216294,-0.036337,0.975652,]}, hip_spine: {[0.999294,-0.026004,-0.027113,],[0.037468,0.637363,0.769652,],[-0.002733,-0.770125,0.637887,]}
FRAME: 17 l_knee_foot: {[0.991993,-0.031889,0.122203,],[0.077077,0.919371,-0.385768,],[-0.100048,0.392098,0.914467,]}, l_hip_knee: {[0.608692,-0.792834,-0.030120,],[0.774537,0.602018,-0.194078,],[0.172004,0.094805,0.980524,]}, r_knee_foot: {[0.983740,-0.028785,0.177279,],[0.122321,0.830132,-0.543983,],[-0.131506,0.556823,0.820155,]}, r_hip_knee: {[0.233765,-0.972121,-0.018297,],[0.914017,0.226132,-0.336804,],[0.331551,0.062010,0.941397,]}, l_elbow_hand: {[0.821407,0.260461,-0.507396,],[-0.365119,0.923583,-0.116977,],[0.438154,0.281345,0.853737,]}, l_should_elbow: {[0.622024,0.173032,0.763640,],[-0.199513,0.978110,-0.059114,],[-0.757153,-0.115586,0.642930,]}, r_elbow_hand: {[-0.482368,0.243998,0.841301,],[0.524765,0.849500,0.054503,],[-0.701387,0.467775,-0.537813,]}, r_should_elbow: {[0.886639,-0.087844,0.454042,],[0.108684,0.993876,-0.019949,],[-0.449509,0.067034,0.890757,]}, l_spine_should: {[0.977001,-0.163352,-0.137058,],[0.161759,0.986568,-0.022758,],[0.138934,0.000064,0.990302,]}, r_spine_should: {[0.959049,0.175796,0.222083,],[-0.179677,0.983722,-0.002770,],[-0.218955,-0.037247,0.975024,]}, hip_spine: {[0.999364,-0.024992,-0.025430,],[0.035534,0.639314,0.768124,],[-0.002940,-0.768539,0.639796,]}
FRAME: 18 l_knee_foot: {[0.991726,-0.032209,0.124263,],[0.078565,0.917832,-0.389118,],[-0.101519,0.395661,0.912768,]}, l_hip_knee: {[0.608698,-0.792834,-0.030014,],[0.774570,0.602018,-0.193948,],[0.171838,0.094808,0.980553,]}, r_knee_foot: {[0.983925,-0.028964,0.176216,],[0.121378,0.832258,-0.540938,],[-0.130989,0.553631,0.822395,]}, r_hip_knee: {[0.232896,-0.972342,-0.017632,],[0.914538,0.225145,-0.336050,],[0.330725,0.062139,0.941679,]}, l_elbow_hand: {[0.821279,0.260603,-0.507531,],[-0.365307,0.923513,-0.116936,],[0.438237,0.281442,0.853662,]}, l_should_elbow: {[0.622039,0.171448,0.763985,],[-0.199045,0.978303,-0.057481,],[-0.757264,-0.116312,0.642669,]}, r_elbow_hand: {[-0.484400,0.243843,0.840177,],[0.524004,0.849910,0.055443,],[-0.700555,0.467113,-0.539471,]}, r_should_elbow: {[0.887870,-0.087310,0.451734,],[0.107954,0.993953,-0.020072,],[-0.447250,0.066588,0.891927,]}, l_spine_should: {[0.976770,-0.163171,-0.138910,],[0.161585,0.986598,-0.022692,],[0.140751,-0.000281,0.990045,]}, r_spine_should: {[0.959417,0.176049,0.220285,],[-0.179789,0.983700,-0.003118,],[-0.217244,-0.036614,0.975430,]}, hip_spine: {[0.999376,-0.024796,-0.025143,],[0.035182,0.637873,0.769337,],[-0.003038,-0.769742,0.638348,]}
FRAME: 19 l_knee_foot: {[0.991571,-0.032171,0.125510,],[0.079550,0.915772,-0.393742,],[-0.102272,0.400407,0.910612,]}, l_hip_knee: {[0.608771,-0.792774,-0.030136,],[0.774477,0.602098,-0.194069,],[0.171997,0.094804,0.980525,]}, r_knee_foot: {[0.983663,-0.029647,0.177564,],[0.122178,0.834346,-0.537531,],[-0.132214,0.550444,0.824337,]}, r_hip_knee: {[0.229991,-0.973057,-0.016233,],[0.915681,0.222019,-0.335015,],[0.329593,0.062186,0.942073,]}, l_elbow_hand: {[0.821058,0.260140,-0.508125,],[-0.365176,0.923523,-0.117267,],[0.438759,0.281838,0.853263,]}, l_should_elbow: {[0.622950,0.171576,0.763213,],[-0.198919,0.978323,-0.057573,],[-0.756547,-0.115952,0.643577,]}, r_elbow_hand: {[-0.484529,0.243229,0.840280,],[0.523311,0.850324,0.055619,],[-0.700983,0.466677,-0.539292,]}, r_should_elbow: {[0.888350,-0.087346,0.450783,],[0.107862,0.993965,-0.019967,],[-0.446319,0.066360,0.892410,]}, l_spine_should: {[0.976604,-0.163159,-0.140083,],[0.161577,0.986600,-0.022673,],[0.141905,-0.000492,0.989880,]}, r_spine_should: {[0.959668,0.176105,0.219144,],[-0.179761,0.983705,-0.003305,],[-0.216155,-0.036222,0.975687,]}, hip_spine: {[0.999377,-0.024778,-0.025143,],[0.035166,0.636551,0.770433,],[-0.003085,-0.770837,0.637025,]}
FRAME: 20 l_knee_foot: {[0.990653,-0.034229,0.132041,],[0.083906,0.916120,-0.392026,],[-0.107547,0.399441,0.910429,]}, l_hip_knee: {[0.607990,-0.793307,-0.031820,],[0.774433,0.601402,-0.196390,],[0.174934,0.094761,0.980009,]}, r_knee_foot: {[0.983732,-0.030405,0.177053,],[0.121434,0.838848,-0.530648,],[-0.132386,0.543516,0.828894,]}, r_hip_knee: {[0.229799,-0.973105,-0.016082,],[0.915799,0.221800,-0.334839,],[0.329400,0.062218,0.942138,]}, l_elbow_hand: {[0.818139,0.257412,-0.514187,],[-0.365639,0.923029,-0.119692,],[0.443799,0.285931,0.849285,]}, l_should_elbow: {[0.618165,0.169650,0.767523,],[-0.199218,0.978365,-0.055803,],[-0.760385,-0.118409,0.638588,]}, r_elbow_hand: {[-0.487037,0.242333,0.839089,],[0.521618,0.851279,0.056913,],[-0.700506,0.465403,-0.541009,]}, r_should_elbow: {[0.887183,-0.086085,0.453316,],[0.107162,0.994021,-0.020960,],[-0.448801,0.067174,0.891104,]}, l_spine_should: {[0.977029,-0.162900,-0.137395,],[0.161318,0.986642,-0.022653,],[0.139250,-0.000031,0.990257,]}, r_spine_should: {[0.959036,0.176260,0.221769,],[-0.180097,0.983644,-0.002968,],[-0.218665,-0.037094,0.975095,]}, hip_spine: {[0.999387,-0.024633,-0.024868,],[0.034868,0.638362,0.768946,],[-0.003066,-0.769342,0.638829,]}
FRAME: 21 l_knee_foot: {[0.990290,-0.034676,0.134621,],[0.085760,0.914541,-0.395297,],[-0.109409,0.403004,0.908635,]}, l_hip_knee: {[0.607771,-0.793407,-0.033460,],[0.774004,0.601278,-0.198450,],[0.177570,0.094713,0.979540,]}, r_knee_foot: {[0.983927,-0.030291,0.175983,],[0.120614,0.839464,-0.529860,],[-0.131682,0.542570,0.829625,]}, r_hip_knee: {[0.229810,-0.973112,-0.015545,],[0.916185,0.221699,-0.333847,],[0.328316,0.062479,0.942499,]}, l_elbow_hand: {[0.816777,0.256680,-0.516711,],[-0.366203,0.922699,-0.120507,],[0.445837,0.287649,0.847636,]}, l_should_elbow: {[0.615084,0.165610,0.770873,],[-0.198608,0.978710,-0.051790,],[-0.763038,-0.121247,0.634880,]}, r_elbow_hand: {[-0.493262,0.242193,0.835485,],[0.519632,0.852301,0.059718,],[-0.697621,0.463601,-0.546259,]}, r_should_elbow: {[0.887221,-0.084079,0.453619,],[0.105571,0.994164,-0.022214,],[-0.449104,0.067597,0.890919,]}, l_spine_should: {[0.977271,-0.162300,-0.136381,],[0.160728,0.986741,-0.022535,],[0.138230,0.000103,0.990400,]}, r_spine_should: {[0.958700,0.176819,0.222775,],[-0.180702,0.983533,-0.003002,],[-0.219637,-0.037378,0.974865,]}, hip_spine: {[0.999403,-0.024420,-0.024453,],[0.034427,0.641745,0.766145,],[-0.003016,-0.766529,0.642202,]}
FRAME: 22 l_knee_foot: {[0.989908,-0.035565,0.137180,],[0.087436,0.915064,-0.393716,],[-0.111526,0.401737,0.908939,]}, l_hip_knee: {[0.607518,-0.793540,-0.034876,],[0.773672,0.601108,-0.200250,],[0.179870,0.094673,0.979124,]}, r_knee_foot: {[0.984090,-0.030394,0.175053,],[0.119814,0.841049,-0.527523,],[-0.131195,0.540104,0.831310,]}, r_hip_knee: {[0.229785,-0.973121,-0.015291,],[0.916369,0.221623,-0.333393,],[0.327821,0.062597,0.942664,]}, l_elbow_hand: {[0.815608,0.256224,-0.518780,],[-0.366798,0.922384,-0.121105,],[0.447485,0.289062,0.846286,]}, l_should_elbow: {[0.613457,0.162933,0.772738,],[-0.198138,0.978943,-0.049115,],[-0.764469,-0.122979,0.632822,]}, r_elbow_hand: {[-0.498438,0.240697,0.832842,],[0.516503,0.854016,0.062300,],[-0.696265,0.461218,-0.549994,]}, r_should_elbow: {[0.886480,-0.082235,0.455402,],[0.104307,0.994267,-0.023500,],[-0.450859,0.068334,0.889976,]}, l_spine_should: {[0.977289,-0.162125,-0.136463,],[0.160557,0.986770,-0.022495,],[0.138304,0.000074,0.990390,]}, r_spine_should: {[0.958685,0.176997,0.222701,],[-0.180866,0.983503,-0.003071,],[-0.219570,-0.037335,0.974882,]}, hip_spine: {[0.999425,-0.024080,-0.023853,],[0.033759,0.644404,0.763939,],[-0.003025,-0.764306,0.644847,]}
FRAME: 23 l_knee_foot: {[0.990697,-0.035406,0.131401,],[0.082978,0.922465,-0.377057,],[-0.107863,0.384453,0.916821,]}, l_hip_knee: {[0.602613,-0.797277,-0.034726,],[0.777078,0.596140,-0.201905,],[0.181676,0.094686,0.978789,]}, r_knee_foot: {[0.984329,-0.030273,0.173724,],[0.118787,0.841936,-0.526340,],[-0.130331,0.538728,0.832338,]}, r_hip_knee: {[0.229837,-0.973107,-0.015404,],[0.916286,0.221697,-0.333574,],[0.328018,0.062553,0.942598,]}, l_elbow_hand: {[0.815829,0.258084,-0.517508,],[-0.367823,0.922122,-0.119990,],[0.446238,0.288243,0.847223,]}, l_should_elbow: {[0.615617,0.158748,0.771891,],[-0.196530,0.979478,-0.044700,],[-0.763146,-0.124181,0.634182,]}, r_elbow_hand: {[-0.501263,0.237090,0.832180,],[0.511822,0.856687,0.064223,],[-0.697692,0.458121,-0.550774,]}, r_should_elbow: {[0.887005,-0.082061,0.454410,],[0.104035,0.994295,-0.023518,],[-0.449888,0.068135,0.890482,]}, l_spine_should: {[0.977179,-0.162115,-0.137261,],[0.160549,0.986772,-0.022482,],[0.139090,-0.000069,0.990280,]}, r_spine_should: {[0.958857,0.177039,0.221924,],[-0.180849,0.983506,-0.003199,],[-0.218830,-0.037068,0.975059,]}, hip_spine: {[0.999427,-0.024057,-0.023830,],[0.033724,0.643715,0.764522,],[-0.003053,-0.764887,0.644157,]}
FRAME: 24 l_knee_foot: {[0.990411,-0.035363,0.133550,],[0.084670,0.919226,-0.384518,],[-0.109165,0.392138,0.913406,]}, l_hip_knee: {[0.599756,-0.799192,-0.039802,],[0.777111,0.593601,-0.209130,],[0.190762,0.094497,0.977077,]}, r_knee_foot: {[0.984696,-0.029743,0.171726,],[0.117394,0.841463,-0.527408,],[-0.128815,0.539496,0.832076,]}, r_hip_knee: {[0.229201,-0.973278,-0.014057,],[0.917279,0.220800,-0.331430,],[0.325677,0.063070,0.943375,]}, l_elbow_hand: {[0.815400,0.259634,-0.517409,],[-0.369141,0.921692,-0.119238,],[0.445934,0.288224,0.847390,]}, l_should_elbow: {[0.616528,0.156830,0.771555,],[-0.195803,0.979714,-0.042680,],[-0.762597,-0.124759,0.634729,]}, r_elbow_hand: {[-0.506506,0.235121,0.829560,],[0.508160,0.858660,0.066900,],[-0.696581,0.455435,-0.554396,]}, r_should_elbow: {[0.887753,-0.081721,0.453008,],[0.103575,0.994342,-0.023600,],[-0.448516,0.067872,0.891194,]}, l_spine_should: {[0.976813,-0.162401,-0.139506,],[0.160834,0.986725,-0.022513,],[0.141310,-0.000447,0.989965,]}, r_spine_should: {[0.959399,0.176839,0.219729,],[-0.180503,0.983568,-0.003457,],[-0.216730,-0.036345,0.975555,]}, hip_spine: {[0.999427,-0.024044,-0.023810,],[0.033700,0.643602,0.764618,],[-0.003060,-0.764983,0.644043,]}
FRAME: 25 l_knee_foot: {[0.990529,-0.035230,0.132709,],[0.084062,0.919810,-0.383253,],[-0.108565,0.390779,0.914060,]}, l_hip_knee: {[0.595219,-0.802576,-0.039821,],[0.780113,0.589023,-0.210893,],[0.192713,0.094463,0.976698,]}, r_knee_foot: {[0.984672,-0.029640,0.171881,],[0.117564,0.840746,-0.528513,],[-0.128843,0.540618,0.831343,]}, r_hip_knee: {[0.229021,-0.973340,-0.012603,],[0.918322,0.220334,-0.328842,],[0.322852,0.063738,0.944301,]}, l_elbow_hand: {[0.814686,0.260951,-0.517872,],[-0.370524,0.921207,-0.118699,],[0.446093,0.288587,0.847183,]}, l_should_elbow: {[0.615402,0.152097,0.773400,],[-0.194652,0.980141,-0.037868,],[-0.763800,-0.127240,0.632786,]}, r_elbow_hand: {[-0.507223,0.236007,0.828870,],[0.508891,0.858216,0.067051,],[-0.695525,0.455814,-0.555409,]}, r_should_elbow: {[0.887807,-0.081235,0.452990,],[0.103178,0.994376,-0.023896,],[-0.448501,0.067953,0.891195,]}, l_spine_should: {[0.976098,-0.163443,-0.143245,],[0.161863,0.986552,-0.022693,],[0.145028,-0.001035,0.989427,]}, r_spine_should: {[0.960400,0.175936,0.216053,],[-0.179384,0.983772,-0.003708,],[-0.213200,-0.035195,0.976375,]}, hip_spine: {[0.999432,-0.023964,-0.023708,],[0.033564,0.642271,0.765742,],[-0.003123,-0.766102,0.642711,]}
FRAME: 26 l_knee_foot: {[0.990429,-0.035465,0.133393,],[0.084510,0.919915,-0.382902,],[-0.109130,0.390510,0.914108,]}, l_hip_knee: {[0.592332,-0.804700,-0.040008,],[0.781931,0.586124,-0.212229,],[0.194230,0.094427,0.976401,]}, r_knee_foot: {[0.984638,-0.029436,0.172109,],[0.117836,0.839403,-0.530582,],[-0.128851,0.542712,0.829976,]}, r_hip_knee: {[0.228849,-0.973401,-0.010858,],[0.919561,0.219824,-0.325707,],[0.319431,0.064553,0.945408,]}, l_elbow_hand: {[0.813063,0.263736,-0.519010,],[-0.373526,0.920137,-0.117583,],[0.446550,0.289467,0.846642,]}, l_should_elbow: {[0.614825,0.144878,0.775242,],[-0.192687,0.980787,-0.030475,],[-0.764763,-0.130643,0.630928,]}, r_elbow_hand: {[-0.508859,0.235730,0.827946,],[0.508106,0.858620,0.067820,],[-0.694904,0.455195,-0.556692,]}, r_should_elbow: {[0.888823,-0.081249,0.450990,],[0.102929,0.994406,-0.023706,],[-0.446542,0.067490,0.892214,]}, l_spine_should: {[0.976023,-0.163706,-0.143454,],[0.162121,0.986509,-0.022749,],[0.145242,-0.001053,0.989396,]}, r_spine_should: {[0.960494,0.175681,0.215841,],[-0.179126,0.983819,-0.003657,],[-0.212991,-0.035150,0.976422,]}, hip_spine: {[0.999430,-0.023982,-0.023741,],[0.033601,0.642053,0.765924,],[-0.003125,-0.766285,0.642493,]}
FRAME: 27 l_knee_foot: {[0.990520,-0.035427,0.132723,],[0.084002,0.920686,-0.381157,],[-0.108693,0.388693,0.914934,]}, l_hip_knee: {[0.590311,-0.806223,-0.039202,],[0.783557,0.584025,-0.212022,],[0.193832,0.094442,0.976478,]}, r_knee_foot: {[0.982860,-0.030942,0.181736,],[0.125008,0.836408,-0.533661,],[-0.135493,0.547233,0.825940,]}, r_hip_knee: {[0.225276,-0.974248,-0.009526,],[0.920673,0.216066,-0.325078,],[0.318765,0.064462,0.945639,]}, l_elbow_hand: {[0.812409,0.263517,-0.520145,],[-0.373880,0.919954,-0.117890,],[0.447443,0.290246,0.845903,]}, l_should_elbow: {[0.614192,0.140865,0.776482,],[-0.191661,0.981107,-0.026384,],[-0.765528,-0.132616,0.629587,]}, r_elbow_hand: {[-0.511102,0.235255,0.826698,],[0.506927,0.859231,0.068893,],[-0.694118,0.454287,-0.558412,]}, r_should_elbow: {[0.889974,-0.079476,0.449033,],[0.101232,0.994558,-0.024608,],[-0.444634,0.067357,0.893176,]}, l_spine_should: {[0.975750,-0.164046,-0.144916,],[0.162458,0.986452,-0.022806,],[0.146694,-0.001290,0.989181,]}, r_spine_should: {[0.960868,0.175393,0.214405,],[-0.178752,0.983887,-0.003778,],[-0.211612,-0.034695,0.976738,]}, hip_spine: {[0.999428,-0.024012,-0.023803,],[0.033664,0.641370,0.766492,],[-0.003138,-0.766855,0.641812,]}
FRAME: 28 l_knee_foot: {[0.990619,-0.035445,0.131976,],[0.083413,0.921826,-0.378522,],[-0.108243,0.385980,0.916135,]}, l_hip_knee: {[0.588666,-0.807449,-0.038712,],[0.784810,0.582329,-0.212053,],[0.193765,0.094447,0.976491,]}, r_knee_foot: {[0.982036,-0.031383,0.186068,],[0.128341,0.833951,-0.536706,],[-0.138329,0.550945,0.822998,]}, r_hip_knee: {[0.223660,-0.974626,-0.008949,],[0.921154,0.214372,-0.324839,],[0.318515,0.064410,0.945727,]}, l_elbow_hand: {[0.812611,0.263199,-0.519991,],[-0.373525,0.920083,-0.118014,],[0.447373,0.290129,0.845980,]}, l_should_elbow: {[0.612002,0.139386,0.778476,],[-0.191679,0.981140,-0.024983,],[-0.767276,-0.133928,0.627177,]}, r_elbow_hand: {[-0.511829,0.235014,0.826317,],[0.506453,0.859482,0.069255,],[-0.693928,0.453937,-0.558931,]}, r_should_elbow: {[0.890692,-0.078388,0.447798,],[0.100185,0.994651,-0.025157,],[-0.443430,0.067270,0.893781,]}, l_spine_should: {[0.975255,-0.164359,-0.147861,],[0.162775,0.986399,-0.022838,],[0.149604,-0.001795,0.988744,]}, r_spine_should: {[0.961547,0.175178,0.211519,],[-0.178350,0.983958,-0.004139,],[-0.208851,-0.033745,0.977365,]}, hip_spine: {[0.999429,-0.023988,-0.023784,],[0.033631,0.640385,0.767318,],[-0.003175,-0.767680,0.640826,]}
FRAME: 29 l_knee_foot: {[0.990302,-0.036853,0.133952,],[0.084441,0.925307,-0.369697,],[-0.110322,0.377423,0.919446,]}, l_hip_knee: {[0.586996,-0.808529,-0.041434,],[0.784819,0.580853,-0.216033,],[0.198736,0.094292,0.975507,]}, r_knee_foot: {[0.982332,-0.031233,0.184522,],[0.127148,0.834860,-0.535576,],[-0.137322,0.549575,0.824081,]}, r_hip_knee: {[0.225699,-0.974149,-0.009621,],[0.920586,0.216499,-0.325037,],[0.318717,0.064504,0.945652,]}, l_elbow_hand: {[0.813547,0.263886,-0.518175,],[-0.373257,0.920275,-0.117363,],[0.445893,0.288892,0.847184,]}, l_should_elbow: {[0.611246,0.139468,0.779055,],[-0.191856,0.981102,-0.025109,],[-0.767834,-0.134118,0.626453,]}, r_elbow_hand: {[-0.511130,0.235537,0.826600,],[0.507220,0.859062,0.068853,],[-0.693883,0.454461,-0.558562,]}, r_should_elbow: {[0.891309,-0.078332,0.446578,],[0.099981,0.994673,-0.025078,],[-0.442235,0.067001,0.894393,]}, l_spine_should: {[0.975046,-0.164813,-0.148737,],[0.163222,0.986323,-0.022930,],[0.150482,-0.001920,0.988611,]}, r_spine_should: {[0.961815,0.174753,0.210650,],[-0.177887,0.984042,-0.004133,],[-0.208010,-0.033497,0.977553,]}, hip_spine: {[0.999447,-0.023705,-0.023335,],[0.033103,0.640010,0.767654,],[-0.003263,-0.768001,0.640440,]}
FRAME: 30 l_knee_foot: {[0.989039,-0.038115,0.142652,],[0.090774,0.918930,-0.383833,],[-0.116457,0.392575,0.912317,]}, l_hip_knee: {[0.590232,-0.805513,-0.052673,],[0.778127,0.585102,-0.228417,],[0.214812,0.093832,0.972137,]}, r_knee_foot: {[0.984398,-0.030039,0.173374,],[0.118604,0.841119,-0.527686,],[-0.129977,0.540016,0.831558,]}, r_hip_knee: {[0.229046,-0.973387,-0.007424,],[0.921935,0.219373,-0.319236,],[0.312368,0.066275,0.947646,]}, l_elbow_hand: {[0.811435,0.265365,-0.520726,],[-0.375788,0.919276,-0.117114,],[0.447612,0.290713,0.845653,]}, l_should_elbow: {[0.611864,0.143323,0.777869,],[-0.192831,0.980802,-0.029034,],[-0.767097,-0.132232,0.627755,]}, r_elbow_hand: {[-0.513200,0.235460,0.825339,],[0.506515,0.859403,0.069775,],[-0.692870,0.453856,-0.560310,]}, r_should_elbow: {[0.888873,-0.076754,0.451678,],[0.099364,0.994698,-0.026513,],[-0.447248,0.068447,0.891787,]}, l_spine_should: {[0.974218,-0.165158,-0.153693,],[0.163580,0.986263,-0.022947,],[0.155372,-0.002786,0.987852,]}, r_spine_should: {[0.962901,0.174558,0.205793,],[-0.177381,0.984131,-0.004800,],[-0.203365,-0.031882,0.978584,]}, hip_spine: {[0.999472,-0.023300,-0.022627,],[0.032312,0.642925,0.765247,],[-0.003283,-0.765575,0.643339,]}
FRAME: 31 l_knee_foot: {[0.988849,-0.038302,0.143912,],[0.091692,0.918059,-0.385694,],[-0.117347,0.394589,0.911334,]}, l_hip_knee: {[0.590809,-0.804984,-0.054272,],[0.777074,0.585838,-0.230110,],[0.217029,0.093778,0.971650,]}, r_knee_foot: {[0.984674,-0.029935,0.171820,],[0.117387,0.842362,-0.525972,],[-0.128990,0.538081,0.832965,]}, r_hip_knee: {[0.230334,-0.973093,-0.005989,],[0.922839,0.220382,-0.315912,],[0.308731,0.067238,0.948770,]}, l_elbow_hand: {[0.811116,0.265879,-0.520960,],[-0.376354,0.919070,-0.116911,],[0.447715,0.290894,0.845537,]}, l_should_elbow: {[0.612235,0.144435,0.777372,],[-0.193075,0.980721,-0.030157,],[-0.766740,-0.131627,0.628318,]}, r_elbow_hand: {[-0.514884,0.235844,0.824180,],[0.506415,0.859407,0.070445,],[-0.691692,0.453648,-0.561930,]}, r_should_elbow: {[0.889033,-0.075781,0.451528,],[0.098554,0.994763,-0.027093,],[-0.447111,0.068586,0.891845,]}, l_spine_should: {[0.973893,-0.165131,-0.155769,],[0.163564,0.986266,-0.022915,],[0.157414,-0.003162,0.987528,]}, r_spine_should: {[0.963318,0.174643,0.203761,],[-0.177332,0.984138,-0.005133,],[-0.201426,-0.031188,0.979007,]}, hip_spine: {[0.999490,-0.023011,-0.022148,],[0.031763,0.643723,0.764599,],[-0.003337,-0.764913,0.644125,]}
FRAME: 32 l_knee_foot: {[0.988802,-0.038563,0.144168,],[0.091795,0.918838,-0.383810,],[-0.117666,0.392746,0.912088,]}, l_hip_knee: {[0.591357,-0.804590,-0.054141,],[0.776780,0.586376,-0.229731,],[0.216586,0.093797,0.971747,]}, r_knee_foot: {[0.984654,-0.029457,0.172015,],[0.117751,0.839623,-0.530253,],[-0.128808,0.542370,0.830207,]}, r_hip_knee: {[0.230676,-0.973011,-0.006153,],[0.922706,0.220748,-0.316044,],[0.308873,0.067226,0.948724,]}, l_elbow_hand: {[0.810515,0.264300,-0.522695,],[-0.375804,0.919160,-0.117967,],[0.449262,0.292045,0.844318,]}, l_should_elbow: {[0.611246,0.148830,0.777321,],[-0.194523,0.980283,-0.034727,],[-0.767163,-0.129980,0.628145,]}, r_elbow_hand: {[-0.518449,0.233535,0.822601,],[0.502884,0.861315,0.072420,],[-0.691605,0.451219,-0.563989,]}, r_should_elbow: {[0.888788,-0.075399,0.452074,],[0.098316,0.994779,-0.027377,],[-0.447650,0.068778,0.891560,]}, l_spine_should: {[0.973781,-0.165736,-0.155826,],[0.164155,0.986165,-0.023054,],[0.157491,-0.003130,0.987516,]}, r_spine_should: {[0.963442,0.174042,0.203687,],[-0.176752,0.984243,-0.004954,],[-0.201340,-0.031229,0.979023,]}, hip_spine: {[0.999493,-0.022970,-0.022045,],[0.031667,0.645887,0.762776,],[-0.003282,-0.763087,0.646287,]}
FRAME: 33 l_knee_foot: {[0.987993,-0.040819,0.149007,],[0.094738,0.921924,-0.375608,],[-0.122041,0.385215,0.914721,]}, l_hip_knee: {[0.593345,-0.802674,-0.060475,],[0.772731,0.589029,-0.236499,],[0.225453,0.093595,0.969748,]}, r_knee_foot: {[0.986212,-0.027997,0.163104,],[0.111148,0.842261,-0.527488,],[-0.122608,0.538343,0.833759,]}, r_hip_knee: {[0.232939,-0.972483,-0.004036,],[0.923982,0.222612,-0.310969,],[0.303310,0.068707,0.950412,]}, l_elbow_hand: {[0.802397,0.264109,-0.535169,],[-0.381783,0.916407,-0.120168,],[0.458695,0.300741,0.836154,]}, l_should_elbow: {[0.597806,0.158022,0.785912,],[-0.199663,0.978834,-0.044937,],[-0.776378,-0.130054,0.616703,]}, r_elbow_hand: {[-0.527793,0.224430,0.819186,],[0.490350,0.868017,0.078119,],[-0.693535,0.442919,-0.568183,]}, r_should_elbow: {[0.884016,-0.073751,0.461603,],[0.098268,0.994730,-0.029264,],[-0.457012,0.071230,0.886604,]}, l_spine_should: {[0.974539,-0.165080,-0.151731,],[0.163494,0.986277,-0.022953,],[0.153438,-0.002439,0.988155,]}, r_spine_should: {[0.962484,0.174580,0.207715,],[-0.177526,0.984106,-0.004518,],[-0.205202,-0.032527,0.978179,]}, hip_spine: {[0.999487,-0.023119,-0.022178,],[0.031890,0.651866,0.757663,],[-0.003059,-0.757981,0.652269,]}
FRAME: 34 l_knee_foot: {[0.987420,-0.042080,0.152416,],[0.096934,0.922656,-0.373243,],[-0.124922,0.383322,0.915128,]}, l_hip_knee: {[0.593935,-0.802036,-0.063084,],[0.771177,0.589910,-0.239357,],[0.229187,0.093514,0.968880,]}, r_knee_foot: {[0.987269,-0.026594,0.156823,],[0.106655,0.842127,-0.528627,],[-0.118007,0.538623,0.834242,]}, r_hip_knee: {[0.235343,-0.971906,-0.003652,],[0.924065,0.224920,-0.309056,],[0.301195,0.069359,0.951037,]}, l_elbow_hand: {[0.800213,0.264758,-0.538111,],[-0.383828,0.915531,-0.120329,],[0.460799,0.302830,0.834241,]}, l_should_elbow: {[0.592692,0.163134,0.788735,],[-0.202005,0.978082,-0.050500,],[-0.779685,-0.129398,0.612656,]}, r_elbow_hand: {[-0.532468,0.219265,0.817558,],[0.483406,0.871634,0.081070,],[-0.694836,0.438379,-0.570111,]}, r_should_elbow: {[0.882201,-0.072857,0.465201,],[0.098044,0.994726,-0.030140,],[-0.460552,0.072200,0.884692,]}, l_spine_should: {[0.974826,-0.164833,-0.150145,],[0.163246,0.986319,-0.022916,],[0.151868,-0.002171,0.988398,]}, r_spine_should: {[0.962111,0.174778,0.209273,],[-0.177819,0.984054,-0.004347,],[-0.206696,-0.033030,0.977848,]}, hip_spine: {[0.999485,-0.023170,-0.022214,],[0.031961,0.654438,0.755440,],[-0.002966,-0.755761,0.654841,]}
FRAME: 35 l_knee_foot: {[0.987728,-0.042036,0.150421,],[0.095384,0.924984,-0.367840,],[-0.123674,0.377674,0.917642,]}, l_hip_knee: {[0.593035,-0.802918,-0.060265,],[0.773022,0.588695,-0.236377,],[0.225270,0.093594,0.969791,]}, r_knee_foot: {[0.985303,-0.026667,0.168719,],[0.116275,0.828276,-0.548124,],[-0.125129,0.559686,0.819203,]}, r_hip_knee: {[0.232689,-0.972527,-0.006808,],[0.922133,0.222845,-0.316243,],[0.309072,0.067308,0.948654,]}, l_elbow_hand: {[0.802212,0.265836,-0.534591,],[-0.383008,0.916017,-0.119237,],[0.457997,0.300406,0.836657,]}, l_should_elbow: {[0.595712,0.163150,0.786454,],[-0.201459,0.978203,-0.050329,],[-0.777523,-0.128457,0.615595,]}, r_elbow_hand: {[-0.532302,0.217823,0.818051,],[0.481909,0.872444,0.081270,],[-0.696002,0.437486,-0.569374,]}, r_should_elbow: {[0.884829,-0.072767,0.460198,],[0.097279,0.994813,-0.029739,],[-0.455647,0.071082,0.887318,]}, l_spine_should: {[0.974662,-0.164526,-0.151544,],[0.162953,0.986370,-0.022829,],[0.153234,-0.002444,0.988187,]}, r_spine_should: {[0.962342,0.175125,0.207915,],[-0.178061,0.984008,-0.004662,],[-0.205406,-0.032535,0.978136,]}, hip_spine: {[0.999465,-0.023490,-0.022771,],[0.032581,0.651703,0.757774,],[-0.002961,-0.758110,0.652119,]}
FRAME: 36 l_knee_foot: {[0.988494,-0.040977,0.145602,],[0.092010,0.926924,-0.363794,],[-0.120055,0.373006,0.920029,]}, l_hip_knee: {[0.589373,-0.805708,-0.058940,],[0.775936,0.584880,-0.236302,],[0.224863,0.093536,0.969891,]}, r_knee_foot: {[0.985288,-0.026744,0.168796,],[0.116304,0.828615,-0.547604,],[-0.125222,0.559179,0.819535,]}, r_hip_knee: {[0.232835,-0.972494,-0.006595,],[0.922269,0.222951,-0.315774,],[0.308558,0.067441,0.948812,]}, l_elbow_hand: {[0.802933,0.267121,-0.532865,],[-0.383276,0.916022,-0.118334,],[0.456507,0.299249,0.837885,]}, l_should_elbow: {[0.600777,0.163259,0.782568,],[-0.200564,0.978397,-0.050140,],[-0.773848,-0.126832,0.620542,]}, r_elbow_hand: {[-0.532861,0.216156,0.818129,],[0.479949,0.873473,0.081821,],[-0.696927,0.436260,-0.569184,]}, r_should_elbow: {[0.885334,-0.070183,0.459628,],[0.095110,0.994975,-0.031273,],[-0.455124,0.071403,0.887561,]}, l_spine_should: {[0.974179,-0.164207,-0.154957,],[0.162658,0.986421,-0.022713,],[0.156583,-0.003079,0.987660,]}, r_spine_should: {[0.962980,0.175540,0.204584,],[-0.178242,0.983972,-0.005294,],[-0.202234,-0.031367,0.978835,]}, hip_spine: {[0.999461,-0.023548,-0.022882,],[0.032699,0.650654,0.758670,],[-0.002977,-0.759009,0.651074,]}
