[[-0.000638, 0.000191, -0.000256], [-0.028155, 0.492492, -0.054557], [0.142955, 0.501251, -0.060532], [0.360082, 0.441645, -0.067445], [0.592067, 0.425291, -0.191724], [-0.199264, 0.483734, -0.048582], [-0.405719, 0.449724, 0.011128], [-0.618317, 0.435175, -0.067317], [0.085311, -0.361805, -0.055786], [0.130874, -0.605457, 0.134024], [-0.072957, -0.378323, -0.100656], [-0.012098, -0.640558, 0.104874]]
FRAME: 6 l_knee_foot: {[0.999300,0.015023,-0.034265,],[-0.011297,0.994254,0.106454,],[0.035667,-0.105993,0.993727,]}, l_hip_knee: {[0.999740,-0.022806,-0.000428,],[0.022809,0.999250,0.031290,],[-0.000286,-0.031292,0.999510,]}, r_knee_foot: {[0.999042,-0.043453,-0.005213,],[0.043660,0.981336,0.187282,],[-0.003022,-0.187330,0.982292,]}, r_hip_knee: {[0.999949,0.007132,0.007220,],[-0.006940,0.999631,-0.026277,],[-0.007405,0.026226,0.999629,]}, l_elbow_hand: {[0.999798,-0.018697,-0.007387,],[0.018744,0.999804,0.006338,],[0.007267,-0.006475,0.999953,]}, l_should_elbow: {[0.998919,-0.040872,-0.022142,],[0.040524,0.999052,-0.015927,],[0.022772,0.015013,0.999628,]}, r_elbow_hand: {[0.998880,0.045571,-0.012715,],[-0.045235,0.998649,0.025562,],[0.013862,-0.024958,0.999592,]}, r_should_elbow: {[0.996014,0.040936,-0.079245,],[-0.039086,0.998929,0.024754,],[0.080173,-0.021558,0.996548,]}, l_spine_should: {[0.999849,0.017126,-0.003062,],[-0.017125,0.999853,0.000467,],[0.003070,-0.000415,0.999995,]}, r_spine_should: {[0.999849,0.017126,-0.003062,],[-0.017125,0.999853,0.000467,],[0.003070,-0.000415,0.999995,]}, hip_spine: {[0.999996,-0.000601,-0.002758,],[0.000739,0.998731,0.050357,],[0.002724,-0.050359,0.998727,]}
FRAME: 7 l_knee_foot: {[0.999220,0.014903,-0.036567,],[-0.010485,0.992938,0.118167,],[0.038070,-0.117692,0.992320,]}, l_hip_knee: {[0.999550,-0.030013,-0.000097,],[0.029987,0.998552,0.044658,],[-0.001244,-0.044641,0.999002,]}, r_knee_foot: {[0.997937,-0.063272,-0.010866,],[0.063818,0.959310,0.275049,],[-0.006979,-0.275176,0.961369,]}, r_hip_knee: {[0.999850,0.011971,0.012487,],[-0.011382,0.998865,-0.046259,],[-0.013027,0.046110,0.998851,]}, l_elbow_hand: {[0.999813,-0.018994,-0.003561,],[0.019017,0.999796,0.006740,],[0.003432,-0.006807,0.999971,]}, l_should_elbow: {[0.998567,-0.048797,-0.021956,],[0.048399,0.998661,-0.018288,],[0.022819,0.017199,0.999592,]}, r_elbow_hand: {[0.998816,0.043985,-0.020786,],[-0.043453,0.998733,0.025391,],[0.021876,-0.024458,0.999461,]}, r_should_elbow: {[0.996056,0.055470,-0.069243,],[-0.054008,0.998280,0.022824,],[0.070390,-0.018994,0.997339,]}, l_spine_should: {[0.999729,0.022916,-0.004082,],[-0.022913,0.999737,0.000638,],[0.004096,-0.000544,0.999991,]}, r_spine_should: {[0.999729,0.022916,-0.004082,],[-0.022913,0.999737,0.000638,],[0.004096,-0.000544,0.999991,]}, hip_spine: {[0.999997,-0.000810,-0.002361,],[0.000912,0.999049,0.043595,],[0.002323,-0.043597,0.999046,]}
FRAME: 8 l_knee_foot: {[0.999332,0.014817,-0.033419,],[-0.011302,0.994615,0.103016,],[0.034765,-0.102570,0.994118,]}, l_hip_knee: {[0.999408,-0.034373,-0.001347,],[0.034399,0.998408,0.044707,],[-0.000192,-0.044727,0.998999,]}, r_knee_foot: {[0.997688,-0.067739,-0.005416,],[0.066797,0.962910,0.261424,],[-0.012494,-0.261181,0.965209,]}, r_hip_knee: {[0.999797,0.015517,0.012839,],[-0.014914,0.998839,-0.045810,],[-0.013535,0.045609,0.998868,]}, l_elbow_hand: {[0.999149,-0.024989,-0.032803,],[0.025219,0.999660,0.006613,],[0.032627,-0.007435,0.999440,]}, l_should_elbow: {[0.997244,-0.063794,-0.037872,],[0.062839,0.997687,-0.025905,],[0.039437,0.023454,0.998947,]}, r_elbow_hand: {[0.998864,0.047663,0.000001,],[-0.047648,0.998536,0.025587,],[0.001218,-0.025558,0.999673,]}, r_should_elbow: {[0.994860,0.077706,-0.064927,],[-0.076356,0.996815,0.023031,],[0.066510,-0.017956,0.997624,]}, l_spine_should: {[0.999606,0.027902,-0.002963,],[-0.027899,0.999610,0.000864,],[0.002986,-0.000781,0.999995,]}, r_spine_should: {[0.999606,0.027901,-0.002963,],[-0.027899,0.999610,0.000864,],[0.002986,-0.000781,0.999995,]}, hip_spine: {[0.999997,0.000356,-0.002602,],[-0.000236,0.998937,0.046098,],[0.002616,-0.046097,0.998934,]}
FRAME: 9 l_knee_foot: {[0.999316,0.009307,-0.035791,],[-0.004464,0.991096,0.133073,],[0.036711,-0.132823,0.990460,]}, l_hip_knee: {[0.999281,-0.037899,-0.000808,],[0.037888,0.997837,0.053716,],[-0.001230,-0.053708,0.998556,]}, r_knee_foot: {[0.996215,-0.086126,-0.011757,],[0.084996,0.936823,0.339321,],[-0.018210,-0.339036,0.940597,]}, r_hip_knee: {[0.999663,0.018996,0.017680,],[-0.017804,0.997709,-0.065271,],[-0.018880,0.064934,0.997711,]}, l_elbow_hand: {[0.999107,-0.030672,-0.029058,],[0.030944,0.999481,0.008943,],[0.028769,-0.009834,0.999538,]}, l_should_elbow: {[0.997211,-0.066622,-0.033629,],[0.065765,0.997497,-0.025961,],[0.035274,0.023677,0.999097,]}, r_elbow_hand: {[0.998382,0.056831,-0.002045,],[-0.056741,0.997917,0.030710,],[0.003786,-0.030544,0.999526,]}, r_should_elbow: {[0.993252,0.085086,-0.078802,],[-0.083115,0.996147,0.027964,],[0.080878,-0.021226,0.996498,]}, l_spine_should: {[0.999568,0.029303,0.002216,],[-0.029305,0.999570,0.001104,],[-0.002182,-0.001168,0.999997,]}, r_spine_should: {[0.999568,0.029303,0.002216,],[-0.029305,0.999570,0.001104,],[-0.002182,-0.001168,0.999997,]}, hip_spine: {[0.999996,0.000342,-0.002952,],[-0.000187,0.998625,0.052418,],[0.002966,-0.052418,0.998621,]}
FRAME: 10 l_knee_foot: {[0.999345,0.004126,-0.035943,],[0.001337,0.988587,0.150644,],[0.036154,-0.150593,0.987935,]}, l_hip_knee: {[0.999295,-0.037531,0.000129,],[0.037459,0.997584,0.058500,],[-0.002325,-0.058454,0.998287,]}, r_knee_foot: {[0.995465,-0.093616,-0.016885,],[0.092987,0.920192,0.380263,],[-0.020061,-0.380108,0.924724,]}, r_hip_knee: {[0.999573,0.021628,0.019649,],[-0.020147,0.997153,-0.072668,],[-0.021165,0.072241,0.997163,]}, l_elbow_hand: {[0.999043,-0.037117,-0.023123,],[0.037396,0.999231,0.011753,],[0.022669,-0.012607,0.999664,]}, l_should_elbow: {[0.997109,-0.069915,-0.029772,],[0.069143,0.997262,-0.026225,],[0.031524,0.024090,0.999213,]}, r_elbow_hand: {[0.998068,0.061769,-0.006656,],[-0.061511,0.997534,0.033801,],[0.008727,-0.033327,0.999406,]}, r_should_elbow: {[0.992568,0.091936,-0.079725,],[-0.089899,0.995535,0.028786,],[0.082016,-0.021404,0.996401,]}, l_spine_should: {[0.999577,0.028882,0.003336,],[-0.028886,0.999582,0.001131,],[-0.003302,-0.001226,0.999994,]}, r_spine_should: {[0.999577,0.028882,0.003336,],[-0.028886,0.999582,0.001131,],[-0.003302,-0.001226,0.999994,]}, hip_spine: {[0.999996,-0.000110,-0.002912,],[0.000262,0.998627,0.052385,],[0.002903,-0.052386,0.998623,]}
FRAME: 11 l_knee_foot: {[0.999308,0.003606,-0.037033,],[0.002276,0.987506,0.157566,],[0.037139,-0.157541,0.986814,]}, l_hip_knee: {[0.999356,-0.035833,0.001899,],[0.035631,0.997200,0.065750,],[-0.004249,-0.065640,0.997834,]}, r_knee_foot: {[0.994910,-0.098790,-0.019846,],[0.098340,0.909020,0.404984,],[-0.021968,-0.404875,0.914108,]}, r_hip_knee: {[0.999520,0.023578,0.020072,],[-0.022042,0.997047,-0.073566,],[-0.021747,0.073088,0.997088,]}, l_elbow_hand: {[0.998829,-0.038857,-0.028828,],[0.039213,0.999160,0.011889,],[0.028342,-0.013005,0.999514,]}, l_should_elbow: {[0.997031,-0.071014,-0.029783,],[0.070231,0.997177,-0.026565,],[0.031585,0.024394,0.999203,]}, r_elbow_hand: {[0.998096,0.060645,-0.011260,],[-0.060236,0.997618,0.033615,],[0.013271,-0.032873,0.999371,]}, r_should_elbow: {[0.992782,0.090238,-0.079001,],[-0.088241,0.995694,0.028422,],[0.081225,-0.021246,0.996469,]}, l_spine_should: {[0.999557,0.029719,0.001728,],[-0.029721,0.999558,0.001100,],[-0.001694,-0.001151,0.999998,]}, r_spine_should: {[0.999557,0.029719,0.001728,],[-0.029721,0.999558,0.001100,],[-0.001694,-0.001151,0.999998,]}, hip_spine: {[0.999996,0.000313,-0.002919,],[-0.000162,0.998654,0.051865,],[0.002931,-0.051864,0.998650,]}
FRAME: 12 l_knee_foot: {[0.999198,-0.003085,-0.039916,],[0.010710,0.981285,0.192264,],[0.038576,-0.192538,0.980531,]}, l_hip_knee: {[0.999412,-0.034156,0.003054,],[0.033862,0.997010,0.069454,],[-0.005417,-0.069310,0.997580,]}, r_knee_foot: {[0.993781,-0.108510,-0.024982,],[0.108175,0.887665,0.447604,],[-0.026394,-0.447523,0.893883,]}, r_hip_knee: {[0.999475,0.025864,0.019515,],[-0.024441,0.997255,-0.069894,],[-0.021269,0.069380,0.997364,]}, l_elbow_hand: {[0.998682,-0.034149,-0.038322,],[0.034533,0.999359,0.009405,],[0.037976,-0.010716,0.999221,]}, l_should_elbow: {[0.996819,-0.071769,-0.034662,],[0.070824,0.997102,-0.027757,],[0.036554,0.025214,0.999014,]}, r_elbow_hand: {[0.998311,0.055903,-0.015834,],[-0.055385,0.997970,0.031452,],[0.017560,-0.030522,0.999380,]}, r_should_elbow: {[0.992482,0.089169,-0.083839,],[-0.086938,0.995765,0.029893,],[0.086149,-0.022379,0.996031,]}, l_spine_should: {[0.999594,0.028483,0.000687,],[-0.028484,0.999594,0.001019,],[-0.000657,-0.001039,0.999999,]}, r_spine_should: {[0.999594,0.028483,0.000687,],[-0.028484,0.999594,0.001019,],[-0.000657,-0.001039,0.999999,]}, hip_spine: {[0.999997,0.001103,-0.002246,],[-0.001016,0.999260,0.038455,],[0.002287,-0.038453,0.999258,]}
FRAME: 13 l_knee_foot: {[0.999108,-0.007541,-0.041551,],[0.016249,0.976824,0.213428,],[0.038979,-0.213913,0.976075,]}, l_hip_knee: {[0.999447,-0.032994,0.004226,],[0.032591,0.996718,0.074097,],[-0.006657,-0.073919,0.997242,]}, r_knee_foot: {[0.993268,-0.112297,-0.028420,],[0.112440,0.875681,0.469617,],[-0.027849,-0.469651,0.882413,]}, r_hip_knee: {[0.999445,0.027139,0.019292,],[-0.025765,0.997338,-0.068222,],[-0.021092,0.067687,0.997484,]}, l_elbow_hand: {[0.998680,-0.031727,-0.040386,],[0.032090,0.999450,0.008377,],[0.040098,-0.009662,0.999149,]}, l_should_elbow: {[0.996757,-0.072097,-0.035746,],[0.071113,0.997073,-0.028072,],[0.037665,0.025439,0.998967,]}, r_elbow_hand: {[0.998318,0.054748,-0.019078,],[-0.054139,0.998049,0.031113,],[0.020744,-0.030028,0.999334,]}, r_should_elbow: {[0.992349,0.088550,-0.086038,],[-0.086210,0.995808,0.030548,],[0.088383,-0.022897,0.995823,]}, l_spine_should: {[0.999615,0.027735,0.000013,],[-0.027735,0.999615,0.000969,],[0.000014,-0.000969,1.000000,]}, r_spine_should: {[0.999615,0.027735,0.000013,],[-0.027735,0.999615,0.000969,],[0.000014,-0.000969,1.000000,]}, hip_spine: {[0.999997,0.001681,-0.001976,],[-0.001616,0.999468,0.032582,],[0.002030,-0.032578,0.999467,]}
FRAME: 14 l_knee_foot: {[0.999162,-0.008308,-0.040084,],[0.016504,0.977836,0.208720,],[0.037462,-0.209207,0.977154,]}, l_hip_knee: {[0.999466,-0.032401,0.004275,],[0.032001,0.996793,0.073352,],[-0.006638,-0.073176,0.997297,]}, r_knee_foot: {[0.993728,-0.108512,-0.027025,],[0.108844,0.883114,0.456358,],[-0.025654,-0.456437,0.889386,]}, r_hip_knee: {[0.999483,0.026025,0.018885,],[-0.024707,0.997449,-0.066969,],[-0.020580,0.066468,0.997576,]}, l_elbow_hand: {[0.998793,-0.031983,-0.037275,],[0.032329,0.999439,0.008727,],[0.036975,-0.009921,0.999267,]}, l_should_elbow: {[0.997344,-0.069107,-0.023022,],[0.068538,0.997344,-0.024654,],[0.024665,0.023010,0.999431,]}, r_elbow_hand: {[0.998444,0.051493,-0.021387,],[-0.050851,0.998269,0.029541,],[0.022871,-0.028407,0.999335,]}, r_should_elbow: {[0.992691,0.087312,-0.083307,],[-0.085115,0.995932,0.029576,],[0.085550,-0.022269,0.996085,]}, l_spine_should: {[0.999628,0.027270,0.000331,],[-0.027271,0.999628,0.000964,],[-0.000305,-0.000973,0.999999,]}, r_spine_should: {[0.999628,0.027270,0.000331,],[-0.027270,0.999628,0.000964,],[-0.000305,-0.000973,0.999999,]}, hip_spine: {[0.999996,0.002005,-0.001842,],[-0.001950,0.999560,0.029582,],[0.001901,-0.029579,0.999561,]}
FRAME: 15 l_knee_foot: {[0.999198,-0.015658,-0.036855,],[0.023230,0.976339,0.214993,],[0.032616,-0.215677,0.975920,]}, l_hip_knee: {[0.999494,-0.031488,0.004511,],[0.031074,0.996839,0.073116,],[-0.006799,-0.072939,0.997313,]}, r_knee_foot: {[0.993716,-0.108013,-0.029371,],[0.109226,0.878315,0.465438,],[-0.024476,-0.465721,0.884593,]}, r_hip_knee: {[0.999517,0.024893,0.018623,],[-0.023607,0.997515,-0.066385,],[-0.020229,0.065914,0.997620,]}, l_elbow_hand: {[0.998578,-0.030274,-0.043870,],[0.030635,0.999502,0.007577,],[0.043619,-0.008910,0.999008,]}, l_should_elbow: {[0.997329,-0.068972,-0.024018,],[0.068376,0.997351,-0.024808,],[0.025665,0.023099,0.999404,]}, r_elbow_hand: {[0.998494,0.050165,-0.022192,],[-0.049516,0.998356,0.028886,],[0.023604,-0.027743,0.999336,]}, r_should_elbow: {[0.993026,0.088226,-0.078208,],[-0.086273,0.995878,0.028014,],[0.080357,-0.021071,0.996543,]}, l_spine_should: {[0.999627,0.027011,0.004085,],[-0.027015,0.999634,0.001097,],[-0.004054,-0.001207,0.999991,]}, r_spine_should: {[0.999627,0.027011,0.004085,],[-0.027015,0.999634,0.001097,],[-0.004054,-0.001207,0.999991,]}, hip_spine: {[0.999998,0.001243,-0.001456,],[-0.001207,0.999714,0.023899,],[0.001486,-0.023897,0.999713,]}
FRAME: 16 l_knee_foot: {[0.999176,-0.019535,-0.035564,],[0.026898,0.975109,0.220087,],[0.030379,-0.220863,0.974832,]}, l_hip_knee: {[0.999510,-0.030911,0.004888,],[0.030463,0.996774,0.074246,],[-0.007168,-0.074061,0.997228,]}, r_knee_foot: {[0.993776,-0.106723,-0.031939,],[0.109067,0.873759,0.473973,],[-0.022676,-0.474506,0.879960,]}, r_hip_knee: {[0.999537,0.024050,0.018662,],[-0.022750,0.997493,-0.067003,],[-0.020226,0.066547,0.997578,]}, l_elbow_hand: {[0.998581,-0.029135,-0.044582,],[0.029481,0.999540,0.007119,],[0.044354,-0.008423,0.998980,]}, l_should_elbow: {[0.997344,-0.068712,-0.024174,],[0.068114,0.997370,-0.024759,],[0.025812,0.023047,0.999401,]}, r_elbow_hand: {[0.998470,0.050792,-0.021865,],[-0.050145,0.998315,0.029200,],[0.023311,-0.028059,0.999334,]}, r_should_elbow: {[0.993070,0.088775,-0.077010,],[-0.086876,0.995835,0.027671,],[0.079146,-0.020789,0.996646,]}, l_spine_should: {[0.999618,0.027057,0.005615,],[-0.027064,0.999633,0.001156,],[-0.005582,-0.001307,0.999984,]}, r_spine_should: {[0.999618,0.027057,0.005615,],[-0.027064,0.999633,0.001156,],[-0.005582,-0.001307,0.999984,]}, hip_spine: {[0.999999,0.000903,-0.001374,],[-0.000871,0.999734,0.023023,],[0.001395,-0.023022,0.999734,]}
FRAME: 17 l_knee_foot: {[0.999080,-0.024758,-0.035003,],[0.032222,0.972157,0.232103,],[0.028283,-0.233018,0.972061,]}, l_hip_knee: {[0.999537,-0.029997,0.005160,],[0.029532,0.996806,0.074202,],[-0.007369,-0.074015,0.997230,]}, r_knee_foot: {[0.993840,-0.104286,-0.037497,],[0.109166,0.862980,0.493304,],[-0.019085,-0.494359,0.869048,]}, r_hip_knee: {[0.999622,0.020657,0.018159,],[-0.019407,0.997596,-0.066529,],[-0.019489,0.066151,0.997619,]}, l_elbow_hand: {[0.998100,-0.029680,-0.053998,],[0.030075,0.999526,0.006530,],[0.053779,-0.008142,0.998520,]}, l_should_elbow: {[0.997444,-0.062766,-0.034138,],[0.061935,0.997770,-0.024867,],[0.035623,0.022689,0.999108,]}, r_elbow_hand: {[0.998492,0.050203,-0.022215,],[-0.049553,0.998353,0.028909,],[0.023629,-0.027764,0.999335,]}, r_should_elbow: {[0.993478,0.088852,-0.071455,],[-0.087202,0.995854,0.025893,],[0.073459,-0.019493,0.997108,]}, l_spine_should: {[0.999589,0.027937,0.006419,],[-0.027945,0.999609,0.001214,],[-0.006382,-0.001393,0.999979,]}, r_spine_should: {[0.999589,0.027937,0.006419,],[-0.027945,0.999609,0.001214,],[-0.006382,-0.001393,0.999979,]}, hip_spine: {[0.999999,0.000904,-0.001067,],[-0.000885,0.999847,0.017461,],[0.001082,-0.017460,0.999847,]}
FRAME: 18 l_knee_foot: {[0.999030,-0.028497,-0.033561,],[0.035624,0.971140,0.235833,],[0.025872,-0.236800,0.971214,]}, l_hip_knee: {[0.999550,-0.029519,0.005373,],[0.029037,0.996792,0.074581,],[-0.007557,-0.074391,0.997200,]}, r_knee_foot: {[0.993700,-0.105179,-0.038701,],[0.110388,0.858877,0.500144,],[-0.019366,-0.501266,0.865077,]}, r_hip_knee: {[0.999608,0.021488,0.017971,],[-0.020273,0.997662,-0.065257,],[-0.019331,0.064867,0.997707,]}, l_elbow_hand: {[0.997435,-0.025861,-0.066749,],[0.026198,0.999648,0.004172,],[0.066617,-0.005910,0.997761,]}, l_should_elbow: {[0.997173,-0.060504,-0.044554,],[0.059379,0.997893,-0.026158,],[0.046043,0.023438,0.998664,]}, r_elbow_hand: {[0.998564,0.049382,-0.020759,],[-0.048785,0.998407,0.028333,],[0.022125,-0.027280,0.999383,]}, r_should_elbow: {[0.994057,0.088400,-0.063530,],[-0.087076,0.995929,0.023316,],[0.065332,-0.017646,0.997708,]}, l_spine_should: {[0.999566,0.028470,0.007507,],[-0.028480,0.999593,0.001271,],[-0.007467,-0.001484,0.999971,]}, r_spine_should: {[0.999566,0.028470,0.007507,],[-0.028480,0.999593,0.001271,],[-0.007467,-0.001484,0.999971,]}, hip_spine: {[0.999999,0.001073,-0.000817,],[-0.001063,0.999920,0.012627,],[0.000830,-0.012627,0.999920,]}
FRAME: 19 l_knee_foot: {[0.999011,-0.030739,-0.032132,],[0.037458,0.971145,0.235528,],[0.023965,-0.236499,0.971336,]}, l_hip_knee: {[0.999559,-0.029157,0.005546,],[0.028660,0.996777,0.074928,],[-0.007713,-0.074736,0.997174,]}, r_knee_foot: {[0.993692,-0.105069,-0.039206,],[0.110501,0.857714,0.502111,],[-0.019129,-0.503276,0.863914,]}, r_hip_knee: {[0.999600,0.021927,0.017862,],[-0.020732,0.997700,-0.064540,],[-0.019236,0.064144,0.997755,]}, l_elbow_hand: {[0.996577,-0.023711,-0.079193,],[0.023979,0.999709,0.002436,],[0.079112,-0.004326,0.996856,]}, l_should_elbow: {[0.997039,-0.060360,-0.047633,],[0.059136,0.997893,-0.026699,],[0.049144,0.023803,0.998508,]}, r_elbow_hand: {[0.998594,0.048960,-0.020300,],[-0.048382,0.998435,0.028063,],[0.021642,-0.027042,0.999400,]}, r_should_elbow: {[0.994279,0.087665,-0.061026,],[-0.086439,0.996004,0.022463,],[0.062751,-0.017059,0.997883,]}, l_spine_should: {[0.999553,0.028888,0.007747,],[-0.028899,0.999581,0.001293,],[-0.007707,-0.001516,0.999969,]}, r_spine_should: {[0.999553,0.028888,0.007747,],[-0.028899,0.999581,0.001293,],[-0.007707,-0.001516,0.999969,]}, hip_spine: {[0.999999,0.001151,-0.000760,],[-0.001142,0.999934,0.011452,],[0.000773,-0.011451,0.999934,]}
FRAME: 20 l_knee_foot: {[0.998824,-0.039998,-0.027417,],[0.045411,0.969844,0.239457,],[0.017012,-0.240421,0.970520,]}, l_hip_knee: {[0.999582,-0.028507,0.004919,],[0.028091,0.997128,0.070326,],[-0.006910,-0.070159,0.997512,]}, r_knee_foot: {[0.994438,-0.095465,-0.044502,],[0.104815,0.855273,0.507465,],[-0.010384,-0.509307,0.860522,]}, r_hip_knee: {[0.999751,0.014110,0.017268,],[-0.012942,0.997737,-0.065987,],[-0.018160,0.065747,0.997671,]}, l_elbow_hand: {[0.996517,-0.019473,-0.081078,],[0.019608,0.999807,0.000869,],[0.081045,-0.002456,0.996707,]}, l_should_elbow: {[0.997373,-0.056118,-0.045808,],[0.055014,0.998172,-0.025018,],[0.047128,0.022432,0.998637,]}, r_elbow_hand: {[0.998666,0.048732,-0.017099,],[-0.048248,0.998452,0.027660,],[0.018420,-0.026798,0.999471,]}, r_should_elbow: {[0.994325,0.090528,-0.055876,],[-0.089480,0.995767,0.020992,],[0.057540,-0.015873,0.998217,]}, l_spine_should: {[0.999563,0.028917,0.006182,],[-0.028925,0.999581,0.001236,],[-0.006144,-0.001415,0.999980,]}, r_spine_should: {[0.999563,0.028917,0.006182,],[-0.028925,0.999581,0.001236,],[-0.006144,-0.001415,0.999980,]}, hip_spine: {[0.999998,0.001731,-0.000634,],[-0.001726,0.999966,0.008060,],[0.000648,-0.008059,0.999967,]}
FRAME: 21 l_knee_foot: {[0.998889,-0.040485,-0.024136,],[0.044910,0.972950,0.226607,],[0.014309,-0.227439,0.973687,]}, l_hip_knee: {[0.999600,-0.028111,0.003235,],[0.027866,0.997794,0.060259,],[-0.004922,-0.060145,0.998178,]}, r_knee_foot: {[0.994787,-0.092992,-0.041843,],[0.101533,0.865252,0.490948,],[-0.009449,-0.492637,0.870183,]}, r_hip_knee: {[0.999775,0.013049,0.016718,],[-0.011952,0.997870,-0.064130,],[-0.017519,0.063916,0.997801,]}, l_elbow_hand: {[0.996510,-0.019775,-0.081099,],[0.019919,0.999801,0.000968,],[0.081063,-0.002580,0.996706,]}, l_should_elbow: {[0.997679,-0.050180,-0.046036,],[0.049152,0.998522,-0.023196,],[0.047132,0.020879,0.998670,]}, r_elbow_hand: {[0.998750,0.048478,-0.012183,],[-0.048134,0.998473,0.027093,],[0.013478,-0.026473,0.999559,]}, r_should_elbow: {[0.994425,0.090365,-0.054350,],[-0.089369,0.995788,0.020490,],[0.055973,-0.015518,0.998312,]}, l_spine_should: {[0.999587,0.028717,0.001172,],[-0.028719,0.999587,0.001045,],[-0.001142,-0.001079,0.999999,]}, r_spine_should: {[0.999587,0.028718,0.001172,],[-0.028719,0.999587,0.001045,],[-0.001142,-0.001079,0.999999,]}, hip_spine: {[0.999998,0.001797,-0.000532,],[-0.001794,0.999980,0.006074,],[0.000543,-0.006073,0.999981,]}
FRAME: 22 l_knee_foot: {[0.998905,-0.040527,-0.023365,],[0.044730,0.973699,0.223406,],[0.013696,-0.224207,0.974445,]}, l_hip_knee: {[0.999611,-0.027794,0.002414,],[0.027619,0.998096,0.055145,],[-0.003943,-0.055057,0.998475,]}, r_knee_foot: {[0.994987,-0.090737,-0.042042,],[0.099702,0.867438,0.487453,],[-0.007761,-0.489201,0.872137,]}, r_hip_knee: {[0.999788,0.012238,0.016549,],[-0.011159,0.997900,-0.063811,],[-0.017295,0.063613,0.997825,]}, l_elbow_hand: {[0.996422,-0.020009,-0.082111,],[0.020156,0.999796,0.000966,],[0.082075,-0.002618,0.996623,]}, l_should_elbow: {[0.997862,-0.045799,-0.046626,],[0.044815,0.998755,-0.021930,],[0.047573,0.019794,0.998672,]}, r_elbow_hand: {[0.998793,0.048200,-0.009426,],[-0.047934,0.998494,0.026702,],[0.010698,-0.026218,0.999599,]}, r_should_elbow: {[0.994478,0.090245,-0.053565,],[-0.089275,0.995802,0.020229,],[0.055166,-0.015335,0.998359,]}, l_spine_should: {[0.999588,0.028605,-0.002204,],[-0.028603,0.999590,0.000917,],[0.002230,-0.000854,0.999997,]}, r_spine_should: {[0.999588,0.028605,-0.002204,],[-0.028603,0.999590,0.000917,],[0.002230,-0.000854,0.999997,]}, hip_spine: {[0.999998,0.001882,-0.000451,],[-0.001880,0.999988,0.004428,],[0.000459,-0.004427,0.999990,]}
FRAME: 23 l_knee_foot: {[0.999003,-0.038122,-0.023220,],[0.042251,0.975394,0.216383,],[0.014400,-0.217149,0.976032,]}, l_hip_knee: {[0.999635,-0.026922,0.002067,],[0.026779,0.998300,0.051770,],[-0.003457,-0.051695,0.998657,]}, r_knee_foot: {[0.995623,-0.083472,-0.042029,],[0.093418,0.876189,0.472828,],[-0.002643,-0.474685,0.880152,]}, r_hip_knee: {[0.999816,0.010341,0.016136,],[-0.009305,0.997970,-0.062998,],[-0.016755,0.062837,0.997883,]}, l_elbow_hand: {[0.994840,-0.019292,-0.099605,],[0.019323,0.999813,-0.000656,],[0.099599,-0.001272,0.995027,]}, l_should_elbow: {[0.997754,-0.044278,-0.050257,],[0.043211,0.998821,-0.022117,],[0.051177,0.019895,0.998491,]}, r_elbow_hand: {[0.998952,0.045089,-0.007917,],[-0.044879,0.998682,0.024887,],[0.009029,-0.024505,0.999659,]}, r_should_elbow: {[0.994707,0.088642,-0.051963,],[-0.087728,0.995951,0.019613,],[0.053491,-0.014951,0.998456,]}, l_spine_should: {[0.999592,0.028376,-0.003137,],[-0.028374,0.999597,0.000874,],[0.003160,-0.000785,0.999995,]}, r_spine_should: {[0.999592,0.028376,-0.003137,],[-0.028374,0.999597,0.000874,],[0.003160,-0.000785,0.999995,]}, hip_spine: {[0.999999,0.001663,-0.000409,],[-0.001661,0.999990,0.004096,],[0.000416,-0.004095,0.999992,]}
FRAME: 24 l_knee_foot: {[0.998860,-0.042375,-0.022001,],[0.046214,0.973847,0.222457,],[0.011999,-0.223220,0.974694,]}, l_hip_knee: {[0.999687,-0.024897,0.002558,],[0.024733,0.998382,0.051202,],[-0.003828,-0.051123,0.998685,]}, r_knee_foot: {[0.995718,-0.081468,-0.043684,],[0.092439,0.874361,0.476391,],[-0.000614,-0.478389,0.878148,]}, r_hip_knee: {[0.999827,0.009382,0.016050,],[-0.008351,0.997971,-0.063123,],[-0.016610,0.062978,0.997877,]}, l_elbow_hand: {[0.994448,-0.012643,-0.104466,],[0.012378,0.999918,-0.003190,],[0.104498,0.001879,0.994523,]}, l_should_elbow: {[0.998480,-0.033992,-0.043378,],[0.033253,0.999291,-0.017651,],[0.043948,0.016182,0.998903,]}, r_elbow_hand: {[0.999264,0.037547,-0.007915,],[-0.037376,0.999085,0.020810,],[0.008689,-0.020498,0.999752,]}, r_should_elbow: {[0.995349,0.085986,-0.043441,],[-0.085331,0.996212,0.016720,],[0.044715,-0.012935,0.998916,]}, l_spine_should: {[0.999585,0.028413,0.004824,],[-0.028419,0.999595,0.001170,],[-0.004789,-0.001307,0.999988,]}, r_spine_should: {[0.999585,0.028413,0.004824,],[-0.028419,0.999595,0.001170,],[-0.004789,-0.001307,0.999988,]}, hip_spine: {[0.999996,0.002978,-0.000158,],[-0.002978,0.999991,-0.003129,],[0.000149,0.003130,0.999995,]}
FRAME: 25 l_knee_foot: {[0.998777,-0.044942,-0.020585,],[0.048408,0.973574,0.223183,],[0.010011,-0.223907,0.974559,]}, l_hip_knee: {[0.999713,-0.023805,0.002740,],[0.023636,0.998447,0.050441,],[-0.003936,-0.050362,0.998723,]}, r_knee_foot: {[0.995800,-0.080275,-0.044033,],[0.091558,0.874905,0.475561,],[0.000349,-0.477595,0.878580,]}, r_hip_knee: {[0.999834,0.008791,0.015953,],[-0.007770,0.997983,-0.063008,],[-0.016475,0.062874,0.997886,]}, l_elbow_hand: {[0.994283,-0.008806,-0.106409,],[0.008367,0.999955,-0.004574,],[0.106445,0.003657,0.994312,]}, l_should_elbow: {[0.998795,-0.026974,-0.041001,],[0.026376,0.999539,-0.015051,],[0.041388,0.013951,0.999046,]}, r_elbow_hand: {[0.999499,0.030824,-0.007221,],[-0.030696,0.999382,0.017121,],[0.007744,-0.016891,0.999827,]}, r_should_elbow: {[0.995873,0.083782,-0.034894,],[-0.083343,0.996424,0.013864,],[0.035931,-0.010899,0.999295,]}, l_spine_should: {[0.999562,0.028371,0.008448,],[-0.028383,0.999596,0.001303,],[-0.008408,-0.001542,0.999963,]}, r_spine_should: {[0.999562,0.028371,0.008448,],[-0.028383,0.999596,0.001303,],[-0.008408,-0.001542,0.999963,]}, hip_spine: {[0.999991,0.004282,0.000037,],[-0.004281,0.999946,-0.009483,],[-0.000078,0.009483,0.999955,]}
FRAME: 26 l_knee_foot: {[0.998727,-0.042258,-0.027548,],[0.047745,0.968120,0.245896,],[0.016279,-0.246898,0.968905,]}, l_hip_knee: {[0.999708,-0.023642,0.004978,],[0.023285,0.997771,0.062536,],[-0.006445,-0.062401,0.998030,]}, r_knee_foot: {[0.995689,-0.077153,-0.051493,],[0.092606,0.858617,0.504183,],[0.005314,-0.506778,0.862060,]}, r_hip_knee: {[0.999813,0.009172,0.017032,],[-0.008003,0.997689,-0.067480,],[-0.017611,0.067331,0.997575,]}, l_elbow_hand: {[0.994719,-0.010235,-0.102127,],[0.009899,0.999944,-0.003791,],[0.102160,0.002760,0.994764,]}, l_should_elbow: {[0.998288,-0.025339,-0.052716,],[0.024496,0.999562,-0.016583,],[0.053113,0.015263,0.998472,]}, r_elbow_hand: {[0.999327,0.031102,-0.019458,],[-0.030748,0.999360,0.018264,],[0.020014,-0.017653,0.999644,]}, r_should_elbow: {[0.995443,0.079778,-0.052229,],[-0.078874,0.996701,0.019153,],[0.053584,-0.014946,0.998451,]}, l_spine_should: {[0.999542,0.028730,0.009540,],[-0.028744,0.999586,0.001354,],[-0.009498,-0.001628,0.999954,]}, r_spine_should: {[0.999542,0.028730,0.009540,],[-0.028744,0.999586,0.001354,],[-0.009498,-0.001628,0.999954,]}, hip_spine: {[0.999991,0.004005,-0.001246,],[-0.003986,0.999880,0.014946,],[0.001306,-0.014941,0.999887,]}
FRAME: 27 l_knee_foot: {[0.999203,-0.035414,-0.018425,],[0.038255,0.981349,0.188392,],[0.011409,-0.188946,0.981921,]}, l_hip_knee: {[0.999636,-0.026844,0.002743,],[0.026650,0.998108,0.055417,],[-0.004226,-0.055324,0.998460,]}, r_knee_foot: {[0.996322,-0.074476,-0.042376,],[0.085611,0.886123,0.455474,],[0.003628,-0.457426,0.889240,]}, r_hip_knee: {[0.999835,0.007889,0.016358,],[-0.006806,0.997848,-0.065217,],[-0.016837,0.065095,0.997737,]}, l_elbow_hand: {[0.994467,-0.009858,-0.104582,],[0.009481,0.999947,-0.004098,],[0.104617,0.003084,0.994508,]}, l_should_elbow: {[0.996197,-0.018981,-0.085033,],[0.017334,0.999648,-0.020063,],[0.085384,0.018513,0.996176,]}, r_elbow_hand: {[0.999593,0.022604,-0.017386,],[-0.022371,0.999659,0.013480,],[0.017685,-0.013086,0.999758,]}, r_should_elbow: {[0.996926,0.070438,-0.034304,],[-0.070029,0.997460,0.012988,],[0.035131,-0.010546,0.999327,]}, l_spine_should: {[0.999641,0.026435,-0.004230,],[-0.026432,0.999650,0.000762,],[0.004249,-0.000650,0.999991,]}, r_spine_should: {[0.999642,0.026435,-0.004230,],[-0.026432,0.999650,0.000762,],[0.004249,-0.000650,0.999991,]}, hip_spine: {[0.999990,0.003989,-0.002136,],[-0.003920,0.999495,0.031530,],[0.002261,-0.031522,0.999500,]}
FRAME: 28 l_knee_foot: {[0.999401,-0.030647,-0.016062,],[0.032879,0.985765,0.164882,],[0.010780,-0.165312,0.986182,]}, l_hip_knee: {[0.999565,-0.029449,0.001347,],[0.029339,0.998222,0.051878,],[-0.002872,-0.051816,0.998652,]}, r_knee_foot: {[0.996618,-0.072796,-0.038113,],[0.082120,0.898442,0.431344,],[0.002842,-0.433015,0.901382,]}, r_hip_knee: {[0.999851,0.006927,0.015840,],[-0.005908,0.997966,-0.063476,],[-0.016247,0.063373,0.997858,]}, l_elbow_hand: {[0.994262,-0.009395,-0.106554,],[0.008978,0.999950,-0.004395,],[0.106590,0.003413,0.994297,]}, l_should_elbow: {[0.995185,-0.015252,-0.096823,],[0.013298,0.999695,-0.020796,],[0.097111,0.019408,0.995084,]}, r_elbow_hand: {[0.999710,0.017790,-0.016209,],[-0.017617,0.999787,0.010778,],[0.016397,-0.010489,0.999811,]}, r_should_elbow: {[0.997602,0.063697,-0.027066,],[-0.063435,0.997932,0.010408,],[0.027673,-0.008666,0.999579,]}, l_spine_should: {[0.999636,0.025163,-0.009762,],[-0.025160,0.999683,0.000502,],[0.009772,-0.000256,0.999952,]}, r_spine_should: {[0.999636,0.025163,-0.009762,],[-0.025160,0.999683,0.000502,],[0.009772,-0.000256,0.999952,]}, hip_spine: {[0.999988,0.004115,-0.002639,],[-0.004004,0.999164,0.040693,],[0.002804,-0.040682,0.999168,]}
FRAME: 29 l_knee_foot: {[0.999401,-0.030248,-0.016832,],[0.032639,0.985404,0.167074,],[0.011532,-0.167523,0.985801,]}, l_hip_knee: {[0.999567,-0.029378,0.001374,],[0.029268,0.998222,0.051916,],[-0.002897,-0.051854,0.998650,]}, r_knee_foot: {[0.996618,-0.072725,-0.038259,],[0.082121,0.898181,0.431887,],[0.002955,-0.433568,0.901116,]}, r_hip_knee: {[0.999853,0.006621,0.015837,],[-0.005601,0.997958,-0.063620,],[-0.016226,0.063522,0.997849,]}, l_elbow_hand: {[0.994767,-0.010148,-0.101665,],[0.009814,0.999945,-0.003785,],[0.101698,0.002767,0.994811,]}, l_should_elbow: {[0.996359,-0.013475,-0.084180,],[0.011991,0.999764,-0.018106,],[0.084404,0.017030,0.996286,]}, r_elbow_hand: {[0.999770,0.017174,-0.012883,],[-0.017043,0.999803,0.010191,],[0.013056,-0.009969,0.999865,]}, r_should_elbow: {[0.997953,0.057456,-0.028092,],[-0.057183,0.998309,0.010426,],[0.028644,-0.008799,0.999551,]}, l_spine_should: {[0.999647,0.025952,-0.005584,],[-0.025949,0.999663,0.000693,],[0.005600,-0.000547,0.999984,]}, r_spine_should: {[0.999647,0.025952,-0.005584,],[-0.025949,0.999663,0.000693,],[0.005600,-0.000547,0.999984,]}, hip_spine: {[0.999985,0.004636,-0.002781,],[-0.004513,0.999087,0.042476,],[0.002975,-0.042462,0.999094,]}
FRAME: 30 l_knee_foot: {[0.999481,-0.026376,-0.018488,],[0.029043,0.986167,0.163189,],[0.013928,-0.163641,0.986422,]}, l_hip_knee: {[0.999556,-0.029809,0.000276,],[0.029764,0.998478,0.046431,],[-0.001659,-0.046402,0.998921,]}, r_knee_foot: {[0.996794,-0.071822,-0.035267,],[0.079985,0.906107,0.415418,],[0.002119,-0.416907,0.908947,]}, r_hip_knee: {[0.999847,0.006870,0.016092,],[-0.005817,0.997895,-0.064591,],[-0.016502,0.064487,0.997782,]}, l_elbow_hand: {[0.995632,-0.009046,-0.092927,],[0.008759,0.999956,-0.003490,],[0.092955,0.002661,0.995667,]}, l_should_elbow: {[0.996429,-0.011955,-0.083581,],[0.010527,0.999791,-0.017506,],[0.083772,0.016564,0.996347,]}, r_elbow_hand: {[0.999796,0.016590,-0.011531,],[-0.016478,0.999816,0.009772,],[0.011691,-0.009580,0.999886,]}, r_should_elbow: {[0.998178,0.052955,-0.028934,],[-0.052672,0.998557,0.010466,],[0.029446,-0.008923,0.999527,]}, l_spine_should: {[0.999665,0.025402,-0.004989,],[-0.025399,0.999677,0.000695,],[0.005005,-0.000568,0.999987,]}, r_spine_should: {[0.999665,0.025403,-0.004989,],[-0.025399,0.999677,0.000695,],[0.005005,-0.000568,0.999987,]}, hip_spine: {[0.999986,0.004591,-0.002705,],[-0.004476,0.999144,0.041130,],[0.002892,-0.041117,0.999150,]}
FRAME: 31 l_knee_foot: {[0.999530,-0.023574,-0.019594,],[0.026408,0.986776,0.159926,],[0.015565,-0.160368,0.986934,]}, l_hip_knee: {[0.999542,-0.030256,-0.000643,],[0.030256,0.998661,0.041960,],[-0.000627,-0.041961,0.999119,]}, r_knee_foot: {[0.996909,-0.071323,-0.032960,],[0.078560,0.911767,0.403124,],[0.001300,-0.404467,0.914552,]}, r_hip_knee: {[0.999840,0.007395,0.016264,],[-0.006322,0.997861,-0.065066,],[-0.016711,0.064953,0.997748,]}, l_elbow_hand: {[0.996414,-0.008118,-0.084217,],[0.007881,0.999964,-0.003150,],[0.084239,0.002475,0.996443,]}, l_should_elbow: {[0.996727,-0.011473,-0.080026,],[0.010163,0.999808,-0.016760,],[0.080203,0.015892,0.996652,]}, r_elbow_hand: {[0.999818,0.015601,-0.010992,],[-0.015501,0.999838,0.009197,],[0.011134,-0.009025,0.999897,]}, r_should_elbow: {[0.998263,0.050147,-0.030913,],[-0.049831,0.998698,0.010927,],[0.031421,-0.009368,0.999462,]}, l_spine_should: {[0.999681,0.024862,-0.004516,],[-0.024859,0.999691,0.000693,],[0.004532,-0.000580,0.999990,]}, r_spine_should: {[0.999681,0.024861,-0.004516,],[-0.024859,0.999691,0.000693,],[0.004531,-0.000580,0.999990,]}, hip_spine: {[0.999986,0.004593,-0.002681,],[-0.004480,0.999162,0.040678,],[0.002866,-0.040665,0.999169,]}
FRAME: 32 l_knee_foot: {[0.999490,-0.024454,-0.020534,],[0.027538,0.985637,0.166616,],[0.016165,-0.167097,0.985808,]}, l_hip_knee: {[0.999548,-0.030040,-0.000861,],[0.030050,0.998732,0.040380,],[-0.000353,-0.040388,0.999184,]}, r_knee_foot: {[0.996423,-0.078478,-0.031342,],[0.084415,0.907235,0.412067,],[-0.003904,-0.413239,0.910614,]}, r_hip_knee: {[0.999788,0.011803,0.016889,],[-0.010673,0.997794,-0.065519,],[-0.017625,0.065325,0.997708,]}, l_elbow_hand: {[0.996211,-0.008956,-0.086511,],[0.008726,0.999957,-0.003042,],[0.086534,0.002276,0.996246,]}, l_should_elbow: {[0.997685,-0.011214,-0.067067,],[0.010262,0.999842,-0.014527,],[0.067220,0.013805,0.997643,]}, r_elbow_hand: {[0.999904,0.013185,-0.004162,],[-0.013154,0.999886,0.007380,],[0.004259,-0.007324,0.999964,]}, r_should_elbow: {[0.998850,0.043453,-0.020246,],[-0.043311,0.999034,0.007423,],[0.020549,-0.006538,0.999767,]}, l_spine_should: {[0.999688,0.024691,-0.003754,],[-0.024689,0.999695,0.000716,],[0.003771,-0.000623,0.999993,]}, r_spine_should: {[0.999688,0.024691,-0.003754,],[-0.024688,0.999695,0.000716,],[0.003771,-0.000623,0.999993,]}, hip_spine: {[0.999988,0.004652,-0.001492,],[-0.004624,0.999822,0.018311,],[0.001577,-0.018304,0.999831,]}
FRAME: 33 l_knee_foot: {[0.999568,-0.018754,-0.022638,],[0.022125,0.986985,0.159283,],[0.019356,-0.159715,0.986973,]}, l_hip_knee: {[0.999526,-0.030743,-0.001471,],[0.030777,0.998801,0.038060,],[0.000299,-0.038087,0.999274,]}, r_knee_foot: {[0.996274,-0.081287,-0.028828,],[0.085976,0.909506,0.406703,],[-0.006840,-0.407666,0.913105,]}, r_hip_knee: {[0.999747,0.014029,0.017591,],[-0.012813,0.997641,-0.067445,],[-0.018496,0.067203,0.997568,]}, l_elbow_hand: {[0.996578,-0.009895,-0.082062,],[0.009731,0.999950,-0.002399,],[0.082082,0.001593,0.996624,]}, l_should_elbow: {[0.998029,-0.010648,-0.061838,],[0.009832,0.999861,-0.013476,],[0.061973,0.012842,0.997995,]}, r_elbow_hand: {[0.999878,0.015474,-0.002320,],[-0.015454,0.999845,0.008471,],[0.002451,-0.008434,0.999961,]}, r_should_elbow: {[0.998941,0.039607,-0.023397,],[-0.039425,0.999189,0.008188,],[0.023702,-0.007257,0.999693,]}, l_spine_should: {[0.999684,0.024012,-0.007414,],[-0.024009,0.999712,0.000548,],[0.007426,-0.000370,0.999972,]}, r_spine_should: {[0.999684,0.024012,-0.007414,],[-0.024009,0.999712,0.000548,],[0.007426,-0.000370,0.999972,]}, hip_spine: {[0.999986,0.004957,-0.001696,],[-0.004919,0.999756,0.021549,],[0.001802,-0.021540,0.999766,]}
FRAME: 34 l_knee_foot: {[0.999600,-0.015494,-0.023645,],[0.018957,0.987873,0.154099,],[0.020970,-0.154486,0.987772,]}, l_hip_knee: {[0.999505,-0.031399,-0.002086,],[0.031454,0.998870,0.035620,],[0.000965,-0.035668,0.999363,]}, r_knee_foot: {[0.996125,-0.083776,-0.026751,],[0.087443,0.911132,0.402731,],[-0.009365,-0.403509,0.914927,]}, r_hip_knee: {[0.999711,0.015782,0.018114,],[-0.014500,0.997522,-0.068844,],[-0.019156,0.068561,0.997463,]}, l_elbow_hand: {[0.996732,-0.010499,-0.080092,],[0.010368,0.999944,-0.002051,],[0.080110,0.001214,0.996785,]}, l_should_elbow: {[0.998112,-0.010585,-0.060497,],[0.009801,0.999864,-0.013233,],[0.060629,0.012615,0.998081,]}, r_elbow_hand: {[0.999856,0.016881,-0.001688,],[-0.016864,0.999816,0.009178,],[0.001843,-0.009148,0.999956,]}, r_should_elbow: {[0.999055,0.036410,-0.023741,],[-0.036226,0.999310,0.008146,],[0.024021,-0.007278,0.999685,]}, l_spine_should: {[0.999683,0.023637,-0.008603,],[-0.023634,0.999721,0.000487,],[0.008612,-0.000283,0.999963,]}, r_spine_should: {[0.999683,0.023637,-0.008603,],[-0.023634,0.999721,0.000487,],[0.008612,-0.000283,0.999963,]}, hip_spine: {[0.999985,0.005184,-0.001746,],[-0.005145,0.999743,0.022066,],[0.001860,-0.022057,0.999755,]}
FRAME: 35 l_knee_foot: {[0.999122,0.001471,-0.041881,],[0.006424,0.982194,0.187759,],[0.041411,-0.187863,0.981322,]}, l_hip_knee: {[0.999513,-0.031186,0.001106,],[0.031082,0.998089,0.053397,],[-0.002770,-0.053337,0.998573,]}, r_knee_foot: {[0.995832,-0.082379,-0.039146,],[0.091157,0.884685,0.457191,],[-0.003031,-0.458854,0.888507,]}, r_hip_knee: {[0.999651,0.017422,0.019855,],[-0.015873,0.997005,-0.075689,],[-0.021114,0.075348,0.996934,]}, l_elbow_hand: {[0.998023,-0.024696,-0.057797,],[0.024997,0.999677,0.004499,],[0.057667,-0.005935,0.998318,]}, l_should_elbow: {[0.997276,-0.021683,-0.070501,],[0.020428,0.999621,-0.018479,],[0.070875,0.016989,0.997341,]}, r_elbow_hand: {[0.999298,0.028499,-0.024324,],[-0.028084,0.999457,0.017236,],[0.024802,-0.016540,0.999556,]}, r_should_elbow: {[0.997149,0.031128,-0.068738,],[-0.029750,0.999337,0.020975,],[0.069345,-0.018870,0.997414,]}, l_spine_should: {[0.999615,0.025303,-0.011353,],[-0.025300,0.999680,0.000446,],[0.011361,-0.000158,0.999935,]}, r_spine_should: {[0.999615,0.025303,-0.011353,],[-0.025300,0.999680,0.000446,],[0.011361,-0.000158,0.999935,]}, hip_spine: {[0.999969,0.006193,-0.004783,],[-0.005801,0.996942,0.077933,],[0.005251,-0.077903,0.996947,]}
FRAME: 36 l_knee_foot: {[0.998817,0.007765,-0.048012,],[0.001914,0.980133,0.198334,],[0.048598,-0.198191,0.978958,]}, l_hip_knee: {[0.999518,-0.030907,0.002777,],[0.030674,0.997582,0.062363,],[-0.004697,-0.062248,0.998050,]}, r_knee_foot: {[0.994503,-0.095641,-0.042630,],[0.104121,0.860026,0.499515,],[-0.011111,-0.501207,0.865256,]}, r_hip_knee: {[0.999400,0.025804,0.023119,],[-0.023723,0.995999,-0.086160,],[-0.025250,0.085559,0.996013,]}, l_elbow_hand: {[0.997792,-0.030950,-0.058764,],[0.031389,0.999486,0.006572,],[0.058531,-0.008402,0.998250,]}, l_should_elbow: {[0.997394,-0.025613,-0.067442,],[0.024368,0.999518,-0.019222,],[0.067902,0.017529,0.997538,]}, r_elbow_hand: {[0.999103,0.032525,-0.027127,],[-0.031998,0.999295,0.019660,],[0.027748,-0.018775,0.999439,]}, r_should_elbow: {[0.997118,0.029752,-0.069792,],[-0.028336,0.999374,0.021184,],[0.070379,-0.019145,0.997337,]}, l_spine_should: {[0.999628,0.026103,-0.007903,],[-0.026099,0.999659,0.000610,],[0.007916,-0.000403,0.999969,]}, r_spine_should: {[0.999628,0.026103,-0.007903,],[-0.026099,0.999659,0.000610,],[0.007916,-0.000403,0.999969,]}, hip_spine: {[0.999965,0.006821,-0.004871,],[-0.006417,0.996872,0.078771,],[0.005393,-0.078736,0.996881,]}
FRAME: 37 l_knee_foot: {[0.998642,0.010149,-0.051095,],[0.000613,0.978483,0.206325,],[0.052089,-0.206076,0.977149,]}, l_hip_knee: {[0.999520,-0.030762,0.003574,],[0.030456,0.997314,0.066606,],[-0.005613,-0.066465,0.997773,]}, r_knee_foot: {[0.993454,-0.105423,-0.043990,],[0.112805,0.844675,0.523258,],[-0.018006,-0.524795,0.851038,]}, r_hip_knee: {[0.999153,0.032552,0.025166,],[-0.030103,0.995281,-0.092244,],[-0.028050,0.091409,0.995418,]}, l_elbow_hand: {[0.997599,-0.034535,-0.060028,],[0.035059,0.999356,0.007698,],[0.059724,-0.009784,0.998167,]}, l_should_elbow: {[0.997426,-0.028261,-0.065895,],[0.027009,0.999439,-0.019806,],[0.066418,0.017975,0.997630,]}, r_elbow_hand: {[0.999031,0.034576,-0.027220,],[-0.034015,0.999205,0.020789,],[0.027918,-0.019843,0.999413,]}, r_should_elbow: {[0.997202,0.028518,-0.069107,],[-0.027133,0.999413,0.020900,],[0.069662,-0.018966,0.997390,]}, l_spine_should: {[0.999623,0.026629,-0.006623,],[-0.026625,0.999645,0.000679,],[0.006639,-0.000502,0.999978,]}, r_spine_should: {[0.999623,0.026629,-0.006623,],[-0.026625,0.999645,0.000679,],[0.006639,-0.000502,0.999978,]}, hip_spine: {[0.999961,0.007432,-0.004832,],[-0.007037,0.996991,0.077197,],[0.005391,-0.077160,0.997004,]}
