[[0.023687681183218956, -0.6191810965538025, -0.18872769176959991], [0.02980119176208973, -0.6563713550567627, -0.16691553592681885], [0.03011900931596756, -0.6570074558258057, -0.16614481806755066], [0.029844999313354492, -0.6575130820274353, -0.16609229147434235], [-0.005321177188307047, -0.6523867845535278, -0.16822205483913422], [-0.004958523903042078, -0.6533445715904236, -0.1690175086259842], [-0.005281082820147276, -0.6546673774719238, -0.16882820427417755], [0.07190456241369247, -0.640500545501709, -0.048883259296417236], [-0.08769683539867401, -0.6247124075889587, -0.06840363889932632], [0.044327814131975174, -0.594061017036438, -0.1478363275527954], [-0.003215622855350375, -0.5872558355331421, -0.1527002900838852], [0.16378729045391083, -0.4990658164024353, 0.014664199203252792], [-0.1581636369228363, -0.4951271414756775, -0.029153479263186455], [0.3421177566051483, -0.6171087026596069, 0.0044828192330896854], [-0.36467739939689636, -0.6534040570259094, -0.07398378103971481], [0.43047139048576355, -0.8395698666572571, -0.06136339157819748], [-0.38755708932876587, -0.8719984292984009, -0.1704118549823761], [0.4359147846698761, -0.8759809136390686, -0.09075598418712616], [-0.3797939717769623, -0.9067370295524597, -0.20662347972393036], [0.4171353876590729, -0.9024460315704346, -0.09801144152879715], [-0.35606929659843445, -0.9433301091194153, -0.1903710812330246], [0.42320945858955383, -0.8539898991584778, -0.06988317519426346], [-0.3681286871433258, -0.8904334902763367, -0.17473746836185455], [0.11123877763748169, 0.0003097734006587416, 0.014153971336781979], [-0.11168389767408371, -0.001205251319333911, -0.012769396416842937], [0.07676263898611069, 0.4011158347129822, 0.040670111775398254], [-0.14089728891849518, 0.36947405338287354, -0.02932530641555786], [0.09003788977861404, 0.7088269591331482, 0.18636827170848846], [-0.18088635802268982, 0.7023200988769531, 0.08959559351205826], [0.09614115953445435, 0.7513390183448792, 0.1930355578660965], [-0.1881658434867859, 0.7473251223564148, 0.09525395929813385], [0.13568530976772308, 0.7906630039215088, 0.07559838891029358], [-0.23360058665275574, 0.7872287034988403, -0.04102102667093277]]
FRAME: 6 r_wrist_index: {[0.999994,0.001811,0.002949,],[-0.001837,0.999959,0.008842,],[-0.002933,-0.008848,0.999957,]}, r_wrist_thumb: {[0.999867,0.005127,0.015472,],[-0.005504,0.999686,0.024452,],[-0.015342,-0.024534,0.999581,]}, r_elbow_wrist: {[0.999970,0.000995,0.007676,],[-0.000855,0.999834,-0.018199,],[-0.007693,0.018192,0.999805,]}, l_hip_should: {[0.999999,-0.000916,0.001025,],[0.000926,0.999950,-0.009958,],[-0.001016,0.009959,0.999950,]}, rl_should: {[0.998759,-0.007368,0.049250,],[0.007354,0.999973,0.000472,],[-0.049252,-0.000109,0.998786,]}, r_should_elbow: {[0.999504,0.000094,0.031481,],[0.000567,0.999779,-0.020992,],[-0.031476,0.021000,0.999284,]}, l_wrist_pinky: {[0.999994,0.000993,0.003194,],[-0.000962,0.999952,-0.009711,],[-0.003203,0.009707,0.999948,]}, r_wrist_pinky: {[0.999997,-0.001060,0.001988,],[0.001094,0.999847,-0.017462,],[-0.001969,0.017464,0.999846,]}, r_hip_knee: {[0.999959,-0.008862,-0.002078,],[0.008895,0.999824,0.016535,],[0.001931,-0.016552,0.999861,]}, r_knee_ankle: {[0.999881,0.013992,0.006479,],[-0.013960,0.999890,-0.004916,],[-0.006548,0.004824,0.999967,]}, r_ankle_heel: {[0.999990,0.004504,-0.000279,],[-0.004506,0.999966,-0.006902,],[0.000248,0.006903,0.999976,]}, r_ankle_foot: {[0.998448,-0.034706,0.043554,],[0.034969,0.999374,-0.005285,],[-0.043343,0.006799,0.999037,]}, lr_hip: {[0.999780,-0.002889,0.020772,],[0.002878,0.999996,0.000533,],[-0.020773,-0.000473,0.999784,]}, l_hip_knee: {[0.999993,0.003615,0.000232,],[-0.003614,0.999985,-0.004007,],[-0.000247,0.004006,0.999992,]}, l_knee_ankle: {[0.999974,0.007000,0.001533,],[-0.007012,0.999945,0.007815,],[-0.001478,-0.007825,0.999968,]}, l_wrist_index: {[0.999976,-0.006477,0.002264,],[0.006498,0.999933,-0.009536,],[-0.002202,0.009551,0.999952,]}, l_ankle_heel: {[0.999998,0.001066,0.001884,],[-0.001048,0.999954,-0.009541,],[-0.001894,0.009539,0.999953,]}, l_ankle_foot: {[0.999900,-0.007052,0.012246,],[0.007075,0.999973,-0.001832,],[-0.012233,0.001918,0.999923,]}, r_hip_should: {[0.999999,-0.000173,0.001160,],[0.000159,0.999926,0.012158,],[-0.001162,-0.012158,0.999925,]}, l_should_elbow: {[0.999940,-0.003011,0.010500,],[0.002918,0.999956,0.008891,],[-0.010526,-0.008859,0.999905,]}, l_elbow_wrist: {[0.999998,-0.001873,-0.001048,],[0.001871,0.999997,-0.001805,],[0.001052,0.001803,0.999998,]}, l_wrist_thumb: {[0.999868,-0.016112,0.002203,],[0.016125,0.999852,-0.006027,],[-0.002106,0.006062,0.999979,]}
FRAME: 7 r_wrist_index: {[0.999991,0.001821,-0.003896,],[-0.001914,0.999707,-0.024120,],[0.003851,0.024127,0.999701,]}, r_wrist_thumb: {[0.999816,0.017266,0.008320,],[-0.017230,0.999842,-0.004305,],[-0.008393,0.004161,0.999956,]}, r_elbow_wrist: {[0.999841,0.002720,0.017622,],[-0.001983,0.999128,-0.041701,],[-0.017720,0.041659,0.998975,]}, l_hip_should: {[0.999994,-0.003284,-0.001266,],[0.003300,0.999912,0.012851,],[0.001224,-0.012855,0.999917,]}, rl_should: {[0.995427,-0.011401,0.094840,],[0.011378,0.999935,0.000786,],[-0.094843,0.000297,0.995492,]}, r_should_elbow: {[0.998894,-0.001330,0.046992,],[0.002807,0.999504,-0.031377,],[-0.046927,0.031474,0.998402,]}, l_wrist_pinky: {[0.999768,0.012642,0.017424,],[-0.012353,0.999786,-0.016590,],[-0.017630,0.016371,0.999711,]}, r_wrist_pinky: {[0.999968,-0.007146,0.003671,],[0.007347,0.998287,-0.058038,],[-0.003250,0.058063,0.998308,]}, r_hip_knee: {[0.999599,-0.027707,-0.005770,],[0.027917,0.998806,0.040087,],[0.004652,-0.040232,0.999179,]}, r_knee_ankle: {[0.999706,0.020886,0.012332,],[-0.021319,0.999121,0.036104,],[-0.011567,-0.036356,0.999272,]}, r_ankle_heel: {[0.999989,-0.003869,0.002754,],[0.003803,0.999715,0.023578,],[-0.002845,-0.023567,0.999718,]}, r_ankle_foot: {[0.990058,-0.077876,0.117133,],[0.074398,0.996656,0.033782,],[-0.119372,-0.024731,0.992541,]}, lr_hip: {[0.998679,-0.010539,0.050300,],[0.010456,0.999943,0.001913,],[-0.050317,-0.001384,0.998732,]}, l_hip_knee: {[0.999989,0.004565,-0.000613,],[-0.004562,0.999981,0.004152,],[0.000632,-0.004149,0.999991,]}, l_knee_ankle: {[0.999892,0.014586,0.001624,],[-0.014628,0.999460,0.029432,],[-0.001194,-0.029453,0.999565,]}, l_wrist_index: {[0.999987,0.001389,0.004872,],[-0.001340,0.999949,-0.010031,],[-0.004886,0.010024,0.999938,]}, l_ankle_heel: {[0.999930,0.011737,-0.001363,],[-0.011713,0.999798,0.016368,],[0.001554,-0.016351,0.999865,]}, l_ankle_foot: {[0.999973,-0.002160,-0.006974,],[0.002261,0.999891,0.014569,],[0.006942,-0.014585,0.999870,]}, r_hip_should: {[0.999985,-0.002428,0.004814,],[0.002180,0.998693,0.051055,],[-0.004932,-0.051044,0.998684,]}, l_should_elbow: {[0.999803,-0.007082,0.018542,],[0.006783,0.999847,0.016135,],[-0.018653,-0.016006,0.999698,]}, l_elbow_wrist: {[0.999953,-0.008318,-0.005033,],[0.008257,0.999893,-0.012070,],[0.005133,0.012028,0.999914,]}, l_wrist_thumb: {[0.999915,-0.012595,0.003297,],[0.012615,0.999901,-0.006164,],[-0.003219,0.006205,0.999976,]}
FRAME: 8 r_wrist_index: {[0.999986,-0.004637,-0.002638,],[0.004639,0.999989,0.000838,],[0.002634,-0.000850,0.999996,]}, r_wrist_thumb: {[0.999916,0.006052,0.011488,],[-0.006230,0.999861,0.015477,],[-0.011393,-0.015547,0.999814,]}, r_elbow_wrist: {[0.999875,-0.003253,0.015459,],[0.003874,0.999178,-0.040363,],[-0.015315,0.040418,0.999066,]}, l_hip_should: {[0.999989,-0.004670,-0.000247,],[0.004670,0.999984,0.003114,],[0.000233,-0.003115,0.999995,]}, rl_should: {[0.996932,-0.013130,0.077162,],[0.013081,0.999914,0.001139,],[-0.077170,-0.000127,0.997018,]}, r_should_elbow: {[0.998590,0.004706,0.052877,],[-0.002848,0.999378,-0.035159,],[-0.053010,0.034959,0.997982,]}, l_wrist_pinky: {[0.999892,0.006456,0.013197,],[-0.006070,0.999559,-0.029053,],[-0.013379,0.028970,0.999491,]}, r_wrist_pinky: {[0.999892,-0.013724,-0.005171,],[0.013523,0.999217,-0.037170,],[0.005678,0.037096,0.999296,]}, r_hip_knee: {[0.999455,-0.032470,-0.005977,],[0.032677,0.998717,0.038675,],[0.004713,-0.038850,0.999234,]}, r_knee_ankle: {[0.999591,0.024660,0.014467,],[-0.025216,0.998899,0.039552,],[-0.013476,-0.039901,0.999113,]}, r_ankle_heel: {[0.999981,0.003866,0.004771,],[-0.003998,0.999601,0.027957,],[-0.004661,-0.027976,0.999598,]}, r_ankle_foot: {[0.990796,-0.071711,0.114806,],[0.066732,0.996680,0.046641,],[-0.117769,-0.038550,0.992292,]}, lr_hip: {[0.997874,-0.014102,0.063628,],[0.013963,0.999899,0.002625,],[-0.063658,-0.001731,0.997970,]}, l_hip_knee: {[0.999977,0.006759,-0.001047,],[-0.006751,0.999948,0.007654,],[0.001098,-0.007646,0.999970,]}, l_knee_ankle: {[0.999896,0.014305,0.001946,],[-0.014350,0.999559,0.026003,],[-0.001573,-0.026028,0.999660,]}, l_wrist_index: {[0.999926,-0.011609,-0.003563,],[0.011609,0.999933,-0.000090,],[0.003564,0.000048,0.999994,]}, l_ankle_heel: {[0.999921,0.012542,-0.001139,],[-0.012522,0.999798,0.015740,],[0.001336,-0.015724,0.999875,]}, l_ankle_foot: {[0.999947,-0.007174,-0.007405,],[0.007365,0.999634,0.026024,],[0.007215,-0.026077,0.999634,]}, r_hip_should: {[0.999994,-0.002612,0.002267,],[0.002557,0.999706,0.024108,],[-0.002329,-0.024102,0.999707,]}, l_should_elbow: {[0.999657,-0.003564,0.025966,],[0.003017,0.999773,0.021105,],[-0.026035,-0.021019,0.999440,]}, l_elbow_wrist: {[0.999878,-0.014209,-0.006449,],[0.014212,0.999899,0.000500,],[0.006442,-0.000592,0.999979,]}, l_wrist_thumb: {[0.999730,-0.016982,-0.015855,],[0.017145,0.999801,0.010190,],[0.015679,-0.010459,0.999822,]}
FRAME: 9 r_wrist_index: {[0.999952,-0.008327,-0.005186,],[0.008324,0.999965,-0.000712,],[0.005192,0.000669,0.999986,]}, r_wrist_thumb: {[0.999951,-0.001173,0.009788,],[0.000967,0.999779,0.021010,],[-0.009810,-0.021000,0.999731,]}, r_elbow_wrist: {[0.999975,-0.004613,0.005287,],[0.004699,0.999856,-0.016279,],[-0.005211,0.016303,0.999853,]}, l_hip_should: {[0.999981,-0.005834,-0.002079,],[0.005877,0.999764,0.020905,],[0.001957,-0.020917,0.999779,]}, rl_should: {[0.993798,-0.016219,0.110009,],[0.016151,0.999868,0.001513,],[-0.110019,0.000273,0.993930,]}, r_should_elbow: {[0.999264,0.002833,0.038265,],[-0.001861,0.999675,-0.025427,],[-0.038324,0.025337,0.998944,]}, l_wrist_pinky: {[0.999993,-0.003545,0.001131,],[0.003570,0.999722,-0.023308,],[-0.001048,0.023312,0.999728,]}, r_wrist_pinky: {[0.999818,-0.016678,-0.009263,],[0.016416,0.999483,-0.027662,],[0.009720,0.027505,0.999574,]}, r_hip_knee: {[0.999130,-0.041140,-0.006858,],[0.041386,0.998313,0.040730,],[0.005171,-0.040979,0.999147,]}, r_knee_ankle: {[0.999352,0.031233,0.017904,],[-0.031943,0.998653,0.040887,],[-0.016602,-0.041433,0.999003,]}, r_ankle_heel: {[0.999906,0.012393,0.005909,],[-0.012539,0.999599,0.025397,],[-0.005592,-0.025468,0.999660,]}, r_ankle_foot: {[0.990949,-0.065986,0.116904,],[0.058236,0.995949,0.068517,],[-0.120952,-0.061089,0.990777,]}, lr_hip: {[0.995780,-0.017956,0.090000,],[0.017701,0.999837,0.003637,],[-0.090050,-0.002029,0.995935,]}, l_hip_knee: {[0.999995,0.002752,-0.001318,],[-0.002736,0.999924,0.012059,],[0.001351,-0.012055,0.999926,]}, l_knee_ankle: {[0.999870,0.016003,0.001989,],[-0.016057,0.999396,0.030810,],[-0.001495,-0.030838,0.999523,]}, l_wrist_index: {[0.999723,-0.023277,-0.003395,],[0.023248,0.999695,-0.008389,],[0.003589,0.008308,0.999959,]}, l_ankle_heel: {[0.999942,0.010446,-0.002678,],[-0.010383,0.999688,0.022729,],[0.002915,-0.022700,0.999738,]}, l_ankle_foot: {[0.999899,-0.014017,0.002389,],[0.013948,0.999545,0.026741,],[-0.002763,-0.026705,0.999640,]}, r_hip_should: {[0.999961,-0.007446,0.004707,],[0.007195,0.998651,0.051415,],[-0.005084,-0.051379,0.998666,]}, l_should_elbow: {[0.999509,-0.009361,0.029889,],[0.008597,0.999636,0.025577,],[-0.030118,-0.025308,0.999226,]}, l_elbow_wrist: {[0.999801,-0.018200,-0.008214,],[0.018210,0.999834,0.001135,],[0.008192,-0.001284,0.999966,]}, l_wrist_thumb: {[0.999577,-0.028607,-0.005326,],[0.028595,0.999588,-0.002295,],[0.005389,0.002142,0.999983,]}
FRAME: 10 r_wrist_index: {[0.999830,-0.016297,-0.008673,],[0.016350,0.999848,0.006049,],[0.008573,-0.006190,0.999944,]}, r_wrist_thumb: {[0.999917,0.003259,0.012434,],[-0.003517,0.999778,0.020773,],[-0.012363,-0.020815,0.999707,]}, r_elbow_wrist: {[0.999989,-0.003016,0.003689,],[0.003057,0.999932,-0.011230,],[-0.003655,0.011241,0.999930,]}, l_hip_should: {[0.999965,-0.007832,-0.003038,],[0.007920,0.999514,0.030144,],[0.002800,-0.030167,0.999541,]}, rl_should: {[0.995321,-0.020770,0.094366,],[0.020647,0.999784,0.002283,],[-0.094393,-0.000324,0.995535,]}, r_should_elbow: {[0.999516,-0.001100,0.031093,],[0.001746,0.999783,-0.020779,],[-0.031064,0.020823,0.999301,]}, l_wrist_pinky: {[0.999994,-0.003235,0.001268,],[0.003262,0.999744,-0.022376,],[-0.001195,0.022380,0.999749,]}, r_wrist_pinky: {[0.999874,-0.013660,-0.008129,],[0.013497,0.999712,-0.019824,],[0.008398,0.019712,0.999770,]}, r_hip_knee: {[0.999199,-0.039407,-0.006979,],[0.039671,0.998288,0.042985,],[0.005273,-0.043228,0.999051,]}, r_knee_ankle: {[0.999677,0.021891,0.012943,],[-0.022365,0.999038,0.037711,],[-0.012105,-0.037988,0.999205,]}, r_ankle_heel: {[0.999981,0.004470,0.004297,],[-0.004572,0.999701,0.024037,],[-0.004188,-0.024056,0.999702,]}, r_ankle_foot: {[0.991424,-0.064325,0.113756,],[0.057084,0.996198,0.065811,],[-0.117557,-0.058754,0.991327,]}, lr_hip: {[0.995621,-0.020241,0.091269,],[0.019956,0.999793,0.004039,],[-0.091331,-0.002200,0.995818,]}, l_hip_knee: {[0.999982,0.005751,-0.001469,],[-0.005732,0.999906,0.012415,],[0.001540,-0.012406,0.999922,]}, l_knee_ankle: {[0.999663,0.025438,0.005159,],[-0.025600,0.999086,0.034223,],[-0.004283,-0.034344,0.999401,]}, l_wrist_index: {[0.999842,-0.017799,-0.000243,],[0.017795,0.999774,-0.011621,],[0.000450,0.011614,0.999932,]}, l_ankle_heel: {[0.999694,0.024709,-0.001137,],[-0.024672,0.999367,0.025649,],[0.001770,-0.025614,0.999670,]}, l_ankle_foot: {[0.999880,-0.007410,-0.013628,],[0.007890,0.999338,0.035513,],[0.013355,-0.035617,0.999276,]}, r_hip_should: {[0.999917,-0.012045,0.004478,],[0.011805,0.998665,0.050295,],[-0.005078,-0.050238,0.998724,]}, l_should_elbow: {[0.999590,-0.019773,0.020697,],[0.019341,0.999596,0.020848,],[-0.021101,-0.020439,0.999568,]}, l_elbow_wrist: {[0.999645,-0.024531,-0.010382,],[0.024625,0.999656,0.009031,],[0.010157,-0.009283,0.999905,]}, l_wrist_thumb: {[0.999719,-0.023690,-0.001262,],[0.023684,0.999708,-0.004743,],[0.001374,0.004712,0.999988,]}
FRAME: 11 r_wrist_index: {[0.999309,-0.030998,-0.020517,],[0.030806,0.999479,-0.009633,],[0.020805,0.008994,0.999743,]}, r_wrist_thumb: {[0.999899,-0.010855,-0.009182,],[0.010806,0.999927,-0.005360,],[0.009240,0.005261,0.999943,]}, r_elbow_wrist: {[0.999978,-0.005777,0.003327,],[0.005817,0.999907,-0.012308,],[-0.003256,0.012327,0.999919,]}, l_hip_should: {[0.999959,-0.008476,-0.003175,],[0.008572,0.999469,0.031452,],[0.002907,-0.031478,0.999500,]}, rl_should: {[0.996401,-0.020731,0.082189,],[0.020613,0.999785,0.002285,],[-0.082219,-0.000582,0.996614,]}, r_should_elbow: {[0.999501,0.005632,0.031070,],[-0.004996,0.999777,-0.020505,],[-0.031178,0.020340,0.999307,]}, l_wrist_pinky: {[0.999985,-0.004780,-0.002636,],[0.004747,0.999914,-0.012222,],[0.002694,0.012209,0.999922,]}, r_wrist_pinky: {[0.999531,-0.025451,-0.017008,],[0.025019,0.999372,-0.025102,],[0.017636,0.024664,0.999540,]}, r_hip_knee: {[0.999141,-0.040791,-0.007266,],[0.041075,0.998161,0.044579,],[0.005434,-0.044839,0.998979,]}, r_knee_ankle: {[0.999838,0.015363,0.009432,],[-0.015679,0.999288,0.034320,],[-0.008898,-0.034463,0.999366,]}, r_ankle_heel: {[0.999995,-0.000254,0.003086,],[0.000187,0.999770,0.021476,],[-0.003091,-0.021475,0.999765,]}, r_ankle_foot: {[0.991933,-0.062068,0.110529,],[0.055139,0.996382,0.064678,],[-0.114144,-0.058062,0.991766,]}, lr_hip: {[0.995587,-0.020900,0.091481,],[0.020606,0.999779,0.004153,],[-0.091548,-0.002250,0.995798,]}, l_hip_knee: {[0.999969,0.007669,-0.001784,],[-0.007642,0.999860,0.014909,],[0.001898,-0.014895,0.999887,]}, l_knee_ankle: {[0.999514,0.030461,0.006618,],[-0.030692,0.998801,0.038126,],[-0.005448,-0.038311,0.999251,]}, l_wrist_index: {[0.999796,-0.019850,-0.003815,],[0.019830,0.999790,-0.005161,],[0.003916,0.005084,0.999979,]}, l_ankle_heel: {[0.999542,0.030256,-0.000958,],[-0.030215,0.999113,0.029342,],[0.001844,-0.029300,0.999569,]}, l_ankle_foot: {[0.999849,-0.012107,-0.012448,],[0.012643,0.998956,0.043894,],[0.011903,-0.044045,0.998959,]}, r_hip_should: {[0.999916,-0.012346,0.003894,],[0.012163,0.998964,0.043860,],[-0.004432,-0.043809,0.999030,]}, l_should_elbow: {[0.999697,-0.020527,0.013615,],[0.020317,0.999675,0.015398,],[-0.013927,-0.015117,0.999789,]}, l_elbow_wrist: {[0.999371,-0.032693,-0.013762,],[0.032879,0.999368,0.013499,],[0.013312,-0.013943,0.999814,]}, l_wrist_thumb: {[0.999680,-0.024479,-0.006434,],[0.024478,0.999700,-0.000262,],[0.006438,0.000105,0.999979,]}
FRAME: 12 r_wrist_index: {[0.999174,-0.035040,-0.020595,],[0.035112,0.999378,0.003136,],[0.020472,-0.003857,0.999783,]}, r_wrist_thumb: {[0.999824,-0.018209,-0.004414,],[0.018268,0.999741,0.013578,],[0.004166,-0.013656,0.999898,]}, r_elbow_wrist: {[0.999937,-0.010526,0.003859,],[0.010590,0.999800,-0.016949,],[-0.003680,0.016988,0.999849,]}, l_hip_should: {[0.999958,-0.008399,-0.003767,],[0.008533,0.999276,0.037072,],[0.003453,-0.037103,0.999305,]}, rl_should: {[0.995066,-0.019597,0.097257,],[0.019486,0.999808,0.002092,],[-0.097279,-0.000187,0.995257,]}, r_should_elbow: {[0.999503,0.008172,0.030432,],[-0.007566,0.999772,-0.019979,],[-0.030589,0.019738,0.999337,]}, l_wrist_pinky: {[0.999984,-0.003319,-0.004624,],[0.003339,0.999986,0.004147,],[0.004611,-0.004163,0.999981,]}, r_wrist_pinky: {[0.999036,-0.034773,-0.026808,],[0.034391,0.999302,-0.014565,],[0.027296,0.013629,0.999534,]}, r_hip_knee: {[0.999235,-0.038006,-0.009241,],[0.038522,0.997191,0.064236,],[0.006774,-0.064543,0.997892,]}, r_knee_ankle: {[0.999807,0.016245,0.011089,],[-0.016826,0.998369,0.054548,],[-0.010185,-0.054724,0.998450,]}, r_ankle_heel: {[0.999930,0.009100,0.007525,],[-0.009394,0.999157,0.039958,],[-0.007155,-0.040026,0.999173,]}, r_ankle_foot: {[0.992145,-0.054853,0.112428,],[0.044830,0.994948,0.089821,],[-0.116787,-0.084075,0.989592,]}, lr_hip: {[0.994396,-0.021689,0.103467,],[0.021339,0.999762,0.004498,],[-0.103540,-0.002265,0.994623,]}, l_hip_knee: {[0.999958,0.008931,-0.002247,],[-0.008886,0.999775,0.019249,],[0.002419,-0.019228,0.999812,]}, l_knee_ankle: {[0.999632,0.026958,0.002926,],[-0.027082,0.997951,0.057968,],[-0.001357,-0.058025,0.998314,]}, l_wrist_index: {[0.999959,-0.009049,0.000965,],[0.009057,0.999924,-0.008387,],[-0.000889,0.008395,0.999964,]}, l_ankle_heel: {[0.999564,0.029325,-0.003528,],[-0.029143,0.998618,0.043739,],[0.004805,-0.043617,0.999037,]}, l_ankle_foot: {[0.999655,-0.004009,-0.025947,],[0.005207,0.998916,0.046261,],[0.025733,-0.046381,0.998592,]}, r_hip_should: {[0.999911,-0.012428,0.004784,],[0.012152,0.998476,0.053827,],[-0.005446,-0.053764,0.998539,]}, l_should_elbow: {[0.999236,-0.024969,0.030071,],[0.024080,0.999273,0.029563,],[-0.030788,-0.028817,0.999110,]}, l_elbow_wrist: {[0.999464,-0.030126,-0.012839,],[0.030261,0.999487,0.010471,],[0.012517,-0.010854,0.999863,]}, l_wrist_thumb: {[0.999922,-0.011474,0.004873,],[0.011510,0.999907,-0.007335,],[-0.004789,0.007390,0.999961,]}
FRAME: 13 r_wrist_index: {[0.999393,-0.018432,-0.029566,],[0.015478,0.995144,-0.097205,],[0.031214,0.096688,0.994825,]}, r_wrist_thumb: {[0.999528,0.014806,-0.026932,],[-0.016713,0.997264,-0.072009,],[0.025792,0.072425,0.997040,]}, r_elbow_wrist: {[0.999968,-0.007601,0.002595,],[0.007631,0.999901,-0.011815,],[-0.002505,0.011835,0.999927,]}, l_hip_should: {[0.999924,-0.009291,-0.008088,],[0.009893,0.996915,0.077867,],[0.007339,-0.077941,0.996931,]}, rl_should: {[0.989603,-0.021259,0.142249,],[0.021140,0.999774,0.002348,],[-0.142266,0.000684,0.989828,]}, r_should_elbow: {[0.998766,-0.008006,0.049024,],[0.009626,0.999412,-0.032898,],[-0.048732,0.033330,0.998256,]}, l_wrist_pinky: {[0.999546,-0.024181,-0.017955,],[0.023486,0.999002,-0.037983,],[0.018855,0.037544,0.999117,]}, r_wrist_pinky: {[0.998915,-0.043860,-0.015643,],[0.041852,0.992897,-0.111370,],[0.020417,0.110594,0.993656,]}, r_hip_knee: {[0.998951,-0.044195,-0.012005,],[0.045046,0.995487,0.083527,],[0.008259,-0.083980,0.996433,]}, r_knee_ankle: {[0.999675,0.020869,0.014616,],[-0.021874,0.997139,0.072357,],[-0.013064,-0.072653,0.997272,]}, r_ankle_heel: {[0.999909,0.011356,0.007323,],[-0.011612,0.999288,0.035890,],[-0.006910,-0.035971,0.999329,]}, r_ankle_foot: {[0.990738,-0.069501,0.116653,],[0.063112,0.996343,0.057600,],[-0.120230,-0.049705,0.991501,]}, lr_hip: {[0.989568,-0.026345,0.141641,],[0.025745,0.999650,0.006067,],[-0.141751,-0.002357,0.989900,]}, l_hip_knee: {[0.999987,0.003959,-0.003175,],[-0.003860,0.999528,0.030474,],[0.003295,-0.030462,0.999530,]}, l_knee_ankle: {[0.999400,0.034263,0.005013,],[-0.034516,0.997297,0.064866,],[-0.002777,-0.065000,0.997881,]}, l_wrist_index: {[0.999380,-0.034628,0.006446,],[0.034844,0.998702,-0.037144,],[-0.005151,0.037346,0.999289,]}, l_ankle_heel: {[0.999489,0.031871,-0.002542,],[-0.031744,0.998687,0.040203,],[0.003820,-0.040101,0.999188,]}, l_ankle_foot: {[0.999713,-0.022297,-0.008725,],[0.022782,0.997930,0.060133,],[0.007366,-0.060314,0.998152,]}, r_hip_should: {[0.999817,-0.016705,0.009282,],[0.015621,0.994178,0.106611,],[-0.011009,-0.106447,0.994257,]}, l_should_elbow: {[0.998322,-0.030775,0.049054,],[0.028514,0.998528,0.046149,],[-0.050402,-0.044673,0.997729,]}, l_elbow_wrist: {[0.999799,-0.018035,-0.008752,],[0.017989,0.999824,-0.005261,],[0.008845,0.005103,0.999948,]}, l_wrist_thumb: {[0.998802,-0.047108,0.013238,],[0.047407,0.998603,-0.023318,],[-0.012121,0.023917,0.999640,]}
FRAME: 14 r_wrist_index: {[0.999439,-0.021796,-0.025412,],[0.020110,0.997695,-0.064808,],[0.026766,0.064261,0.997574,]}, r_wrist_thumb: {[0.999748,0.003654,-0.022145,],[-0.004744,0.998768,-0.049386,],[0.021937,0.049479,0.998534,]}, r_elbow_wrist: {[0.999916,-0.012621,0.002933,],[0.012667,0.999789,-0.016168,],[-0.002728,0.016204,0.999865,]}, l_hip_should: {[0.999929,-0.009620,-0.007099,],[0.010084,0.997601,0.068480,],[0.006423,-0.068546,0.997627,]}, rl_should: {[0.992578,-0.021313,0.119727,],[0.021183,0.999773,0.002362,],[-0.119750,0.000191,0.992804,]}, r_should_elbow: {[0.999197,-0.005382,0.039707,],[0.006444,0.999624,-0.026655,],[-0.039548,0.026890,0.998856,]}, l_wrist_pinky: {[0.999522,-0.025367,-0.017687,],[0.024558,0.998705,-0.044555,],[0.018794,0.044099,0.998850,]}, r_wrist_pinky: {[0.998543,-0.048429,-0.023808,],[0.046185,0.995123,-0.087167,],[0.027913,0.085940,0.995909,]}, r_hip_knee: {[0.998985,-0.043510,-0.011695,],[0.044320,0.995694,0.081414,],[0.008102,-0.081850,0.996612,]}, r_knee_ankle: {[0.999398,0.029365,0.018477,],[-0.030477,0.997540,0.063133,],[-0.016577,-0.063658,0.997834,]}, r_ankle_heel: {[0.999839,0.016744,0.006508,],[-0.016897,0.999563,0.024261,],[-0.006099,-0.024367,0.999685,]}, r_ankle_foot: {[0.990298,-0.068277,0.121027,],[0.059872,0.995622,0.071778,],[-0.125397,-0.063836,0.990051,]}, lr_hip: {[0.990227,-0.026461,0.136934,],[0.025883,0.999647,0.005995,],[-0.137044,-0.002392,0.990562,]}, l_hip_knee: {[0.999986,0.003851,-0.003669,],[-0.003718,0.999362,0.035521,],[0.003803,-0.035507,0.999362,]}, l_knee_ankle: {[0.999653,0.026318,0.001090,],[-0.026328,0.997115,0.071193,],[0.000787,-0.071197,0.997462,]}, l_wrist_index: {[0.999336,-0.036333,0.002566,],[0.036393,0.998892,-0.029844,],[-0.001479,0.029918,0.999551,]}, l_ankle_heel: {[0.999593,0.028271,-0.003728,],[-0.028080,0.998639,0.043962,],[0.004965,-0.043840,0.999026,]}, l_ankle_foot: {[0.999465,-0.012454,-0.030229,],[0.014573,0.997374,0.070939,],[0.029266,-0.071341,0.997022,]}, r_hip_should: {[0.999836,-0.016531,0.007408,],[0.015840,0.996241,0.085167,],[-0.008788,-0.085036,0.996339,]}, l_should_elbow: {[0.998807,-0.029111,0.039208,],[0.027627,0.998900,0.037880,],[-0.040268,-0.036752,0.998513,]}, l_elbow_wrist: {[0.999842,-0.016338,-0.007066,],[0.016368,0.999857,0.004182,],[0.006996,-0.004297,0.999966,]}, l_wrist_thumb: {[0.999098,-0.042067,0.005815,],[0.042153,0.998990,-0.015542,],[-0.005155,0.015773,0.999862,]}
FRAME: 15 r_wrist_index: {[0.999377,-0.023110,-0.026662,],[0.021262,0.997486,-0.067604,],[0.028157,0.066995,0.997356,]}, r_wrist_thumb: {[0.999680,-0.001684,-0.025256,],[0.000431,0.998771,-0.049553,],[0.025309,0.049526,0.998452,]}, r_elbow_wrist: {[0.999829,-0.018056,0.003923,],[0.018139,0.999586,-0.022322,],[-0.003518,0.022389,0.999743,]}, l_hip_should: {[0.999960,-0.005346,-0.007226,],[0.005842,0.997497,0.070467,],[0.006831,-0.070507,0.997488,]}, rl_should: {[0.993545,-0.020294,0.111610,],[0.020175,0.999794,0.002193,],[-0.111632,0.000073,0.993750,]}, r_should_elbow: {[0.999515,-0.008234,0.030048,],[0.008849,0.999754,-0.020360,],[-0.029873,0.020616,0.999341,]}, l_wrist_pinky: {[0.999627,-0.022394,-0.015601,],[0.021758,0.998971,-0.039804,],[0.016477,0.039450,0.999086,]}, r_wrist_pinky: {[0.998342,-0.052109,-0.024449,],[0.049464,0.993902,-0.098553,],[0.029436,0.097180,0.994832,]}, r_hip_knee: {[0.998900,-0.045126,-0.012715,],[0.046080,0.994976,0.088873,],[0.008641,-0.089362,0.995962,]}, r_knee_ankle: {[0.999464,0.027446,0.017867,],[-0.028617,0.997209,0.068953,],[-0.015924,-0.069427,0.997460,]}, r_ankle_heel: {[0.999896,0.012208,0.007643,],[-0.012483,0.999239,0.036958,],[-0.007186,-0.037049,0.999288,]}, r_ankle_foot: {[0.989033,-0.066552,0.131850,],[0.053027,0.993208,0.103565,],[-0.137847,-0.095437,0.985845,]}, lr_hip: {[0.989921,-0.027359,0.138952,],[0.026756,0.999623,0.006207,],[-0.139069,-0.002426,0.990280,]}, l_hip_knee: {[0.999967,-0.007352,-0.003545,],[0.007479,0.999278,0.037252,],[0.003269,-0.037278,0.999300,]}, l_knee_ankle: {[0.999939,0.009064,-0.006236,],[-0.008577,0.997213,0.074112,],[0.006891,-0.074054,0.997230,]}, l_wrist_index: {[0.999480,-0.031935,0.004353,],[0.032055,0.999008,-0.030907,],[-0.003362,0.031030,0.999513,]}, l_ankle_heel: {[0.999815,0.018431,-0.005512,],[-0.018162,0.998800,0.045493,],[0.006344,-0.045384,0.998950,]}, l_ankle_foot: {[0.999095,-0.005100,-0.042237,],[0.008189,0.997276,0.073305,],[0.041748,-0.073585,0.996415,]}, r_hip_should: {[0.999916,-0.010733,0.007311,],[0.010105,0.996645,0.081216,],[-0.008158,-0.081136,0.996670,]}, l_should_elbow: {[0.998909,-0.028765,0.036779,],[0.027446,0.998980,0.035857,],[-0.037773,-0.034808,0.998680,]}, l_elbow_wrist: {[0.999734,-0.021018,-0.009475,],[0.021033,0.999778,0.001438,],[0.009442,-0.001637,0.999954,]}, l_wrist_thumb: {[0.999248,-0.036763,0.012355,],[0.037007,0.999112,-0.020142,],[-0.011603,0.020584,0.999721,]}
FRAME: 16 r_wrist_index: {[0.998859,-0.036617,-0.030648,],[0.035135,0.998250,-0.047554,],[0.032336,0.046423,0.998398,]}, r_wrist_thumb: {[0.999439,-0.016281,-0.029262,],[0.015087,0.999063,-0.040572,],[0.029895,0.040108,0.998748,]}, r_elbow_wrist: {[0.999313,-0.035372,-0.011104,],[0.035388,0.999373,0.001174,],[0.011056,-0.001566,0.999938,]}, l_hip_should: {[0.999944,-0.007303,-0.007708,],[0.007859,0.997175,0.074695,],[0.007141,-0.074751,0.997177,]}, rl_should: {[0.994246,-0.020405,0.105158,],[0.020284,0.999792,0.002216,],[-0.105181,-0.000071,0.994453,]}, r_should_elbow: {[0.999967,-0.000989,0.008029,],[0.001032,0.999985,-0.005407,],[-0.008023,0.005415,0.999953,]}, l_wrist_pinky: {[0.999828,-0.016031,-0.009305,],[0.015673,0.999179,-0.037362,],[0.009896,0.037210,0.999258,]}, r_wrist_pinky: {[0.995824,-0.077424,-0.048380,],[0.073446,0.994150,-0.079196,],[0.054229,0.075312,0.995684,]}, r_hip_knee: {[0.998871,-0.045659,-0.013138,],[0.046678,0.994659,0.092055,],[0.008865,-0.092564,0.995667,]}, r_knee_ankle: {[0.999321,0.030923,0.020032,],[-0.032320,0.996760,0.073649,],[-0.017689,-0.074246,0.997083,]}, r_ankle_heel: {[0.999674,0.022911,0.011239,],[-0.023416,0.998612,0.047172,],[-0.010142,-0.047419,0.998824,]}, r_ankle_foot: {[0.988194,-0.059402,0.141220,],[0.038254,0.988246,0.148008,],[-0.148352,-0.140858,0.978852,]}, lr_hip: {[0.989630,-0.028481,0.140791,],[0.027849,0.999591,0.006459,],[-0.140917,-0.002471,0.990018,]}, l_hip_knee: {[0.999969,-0.007018,-0.003555,],[0.007146,0.999280,0.037266,],[0.003291,-0.037291,0.999299,]}, l_knee_ankle: {[0.999891,0.014215,-0.004009,],[-0.013885,0.997236,0.072986,],[0.005035,-0.072922,0.997325,]}, l_wrist_index: {[0.999602,-0.027371,0.006816,],[0.027584,0.999063,-0.033356,],[-0.005897,0.033531,0.999420,]}, l_ankle_heel: {[0.999805,0.019008,-0.005289,],[-0.018753,0.998823,0.044727,],[0.006133,-0.044619,0.998985,]}, l_ankle_foot: {[0.999063,-0.006936,-0.042712,],[0.010257,0.996898,0.078035,],[0.042038,-0.078400,0.996035,]}, r_hip_should: {[0.999900,-0.012181,0.007206,],[0.011560,0.996668,0.080740,],[-0.008165,-0.080649,0.996709,]}, l_should_elbow: {[0.998959,-0.033726,0.030713,],[0.032734,0.998944,0.032256,],[-0.031768,-0.031217,0.999008,]}, l_elbow_wrist: {[0.999544,-0.027547,-0.012373,],[0.027579,0.999617,0.002426,],[0.012302,-0.002766,0.999920,]}, l_wrist_thumb: {[0.999316,-0.033148,0.016404,],[0.033520,0.999175,-0.022946,],[-0.015629,0.023480,0.999602,]}
FRAME: 17 r_wrist_index: {[0.996617,-0.064502,-0.050937,],[0.060545,0.995288,-0.075732,],[0.055582,0.072392,0.995826,]}, r_wrist_thumb: {[0.996828,-0.044355,-0.066083,],[0.038504,0.995434,-0.087336,],[0.069656,0.084515,0.993985,]}, r_elbow_wrist: {[0.999047,-0.043527,0.003349,],[0.043623,0.998327,-0.037960,],[-0.001691,0.038070,0.999274,]}, l_hip_should: {[0.999935,-0.010771,-0.003637,],[0.010895,0.999300,0.035789,],[0.003249,-0.035826,0.999353,]}, rl_should: {[0.998759,-0.022591,0.044394,],[0.022500,0.999744,0.002562,],[-0.044441,-0.001560,0.999011,]}, r_should_elbow: {[0.999873,0.003700,0.015532,],[-0.003543,0.999942,-0.010173,],[-0.015568,0.010117,0.999828,]}, l_wrist_pinky: {[0.999947,-0.009962,0.002511,],[0.010098,0.998043,-0.061706,],[-0.001892,0.061728,0.998091,]}, r_wrist_pinky: {[0.994071,-0.093687,-0.055191,],[0.087476,0.990526,-0.105860,],[0.064586,0.100404,0.992848,]}, r_hip_knee: {[0.999056,-0.041772,-0.011882,],[0.042629,0.995508,0.084532,],[0.008298,-0.084959,0.996350,]}, r_knee_ankle: {[0.998835,0.041396,0.024782,],[-0.042889,0.997085,0.063108,],[-0.022097,-0.064097,0.997699,]}, r_ankle_heel: {[0.999208,0.037342,0.013751,],[-0.037935,0.998231,0.045777,],[-0.012017,-0.046262,0.998857,]}, r_ankle_foot: {[0.992425,-0.037305,0.117051,],[0.019543,0.988588,0.149372,],[-0.121288,-0.145952,0.981829,]}, lr_hip: {[0.991674,-0.028495,0.125578,],[0.027945,0.999591,0.006143,],[-0.125701,-0.002582,0.992065,]}, l_hip_knee: {[0.999975,-0.006075,-0.003572,],[0.006203,0.999289,0.037187,],[0.003343,-0.037208,0.999302,]}, l_knee_ankle: {[0.999856,0.016753,-0.002575,],[-0.016533,0.997429,0.069727,],[0.003736,-0.069675,0.997563,]}, l_wrist_index: {[0.999743,-0.015964,0.016123,],[0.016701,0.998771,-0.046666,],[-0.015358,0.046923,0.998780,]}, l_ankle_heel: {[0.999864,0.015447,-0.005779,],[-0.015175,0.998899,0.044382,],[0.006458,-0.044288,0.998998,]}, l_ankle_foot: {[0.999047,-0.000481,-0.043655,],[0.003337,0.997855,0.065375,],[0.043530,-0.065459,0.996905,]}, r_hip_should: {[0.999893,-0.014613,0.000817,],[0.014605,0.999847,0.009600,],[-0.000957,-0.009587,0.999954,]}, l_should_elbow: {[0.999295,-0.037544,-0.000646,],[0.037548,0.999264,0.007847,],[0.000351,-0.007865,0.999969,]}, l_elbow_wrist: {[0.999562,-0.026648,-0.012851,],[0.026555,0.999620,-0.007375,],[0.013042,0.007030,0.999890,]}, l_wrist_thumb: {[0.999454,-0.028165,0.017248,],[0.028552,0.999338,-0.022564,],[-0.016601,0.023045,0.999597,]}
FRAME: 18 r_wrist_index: {[0.996334,-0.067728,-0.052259,],[0.063839,0.995301,-0.072807,],[0.056944,0.069204,0.995976,]}, r_wrist_thumb: {[0.996604,-0.051004,-0.064646,],[0.046042,0.996040,-0.076054,],[0.068269,0.072819,0.995006,]}, r_elbow_wrist: {[0.999101,-0.041761,0.007257,],[0.042051,0.998059,-0.045925,],[-0.005325,0.046189,0.998919,]}, l_hip_should: {[0.999870,-0.016102,-0.000422,],[0.016104,0.999851,0.006231,],[0.000322,-0.006237,0.999981,]}, rl_should: {[0.999077,-0.026987,0.033426,],[0.026897,0.999633,0.003130,],[-0.033498,-0.002228,0.999436,]}, r_should_elbow: {[0.999649,0.014442,0.022216,],[-0.014129,0.999800,-0.014167,],[-0.022416,0.013848,0.999653,]}, l_wrist_pinky: {[0.999965,-0.007584,0.003630,],[0.007772,0.998444,-0.055212,],[-0.003205,0.055238,0.998468,]}, r_wrist_pinky: {[0.994434,-0.091707,-0.051877,],[0.085356,0.989849,-0.113639,],[0.061772,0.108578,0.992167,]}, r_hip_knee: {[0.999228,-0.037618,-0.011307,],[0.038429,0.995804,0.083048,],[0.008136,-0.083419,0.996481,]}, r_knee_ankle: {[0.998428,0.048929,0.027329,],[-0.050146,0.997692,0.045773,],[-0.025026,-0.047072,0.998578,]}, r_ankle_heel: {[0.998762,0.047864,0.013535,],[-0.048287,0.998292,0.032902,],[-0.011937,-0.033514,0.999367,]}, r_ankle_foot: {[0.993907,-0.028900,0.106369,],[0.013087,0.989131,0.146456,],[-0.109445,-0.144171,0.983482,]}, lr_hip: {[0.992570,-0.028577,0.118269,],[0.028064,0.999588,0.006004,],[-0.118392,-0.002640,0.992963,]}, l_hip_knee: {[0.999978,-0.005568,-0.003505,],[0.005692,0.999321,0.036411,],[0.003300,-0.036430,0.999331,]}, l_knee_ankle: {[0.999847,0.017364,-0.001902,],[-0.017199,0.997650,0.066317,],[0.003049,-0.066274,0.997797,]}, l_wrist_index: {[0.999790,-0.008008,0.018886,],[0.008904,0.998815,-0.047850,],[-0.018480,0.048008,0.998676,]}, l_ankle_heel: {[0.999682,0.024898,-0.004055,],[-0.024702,0.998777,0.042841,],[0.005117,-0.042727,0.999074,]}, l_ankle_foot: {[0.997993,0.014309,-0.061688,],[-0.010563,0.998104,0.060635,],[0.062439,-0.059862,0.996252,]}, r_hip_should: {[0.999820,-0.018833,-0.002129,],[0.018776,0.999528,-0.024297,],[0.002586,0.024253,0.999703,]}, l_should_elbow: {[0.999162,-0.040633,-0.005002,],[0.040658,0.999161,0.004996,],[0.004794,-0.005195,0.999975,]}, l_elbow_wrist: {[0.999462,-0.029629,-0.014053,],[0.029550,0.999547,-0.005744,],[0.014217,0.005326,0.999885,]}, l_wrist_thumb: {[0.999717,-0.014574,0.018777,],[0.014965,0.999671,-0.020828,],[-0.018468,0.021103,0.999607,]}
FRAME: 19 r_wrist_index: {[0.995246,-0.079242,-0.056624,],[0.075874,0.995350,-0.059345,],[0.061063,0.054767,0.996630,]}, r_wrist_thumb: {[0.996219,-0.062270,-0.060581,],[0.059099,0.996855,-0.052795,],[0.063677,0.049015,0.996766,]}, r_elbow_wrist: {[0.999133,-0.040462,0.009844,],[0.040914,0.997853,-0.051147,],[-0.007754,0.051505,0.998643,]}, l_hip_should: {[0.999712,-0.021862,0.009904,],[0.022626,0.996119,-0.085054,],[-0.008006,0.085253,0.996327,]}, rl_should: {[0.997974,-0.031931,0.055027,],[0.031766,0.999488,0.003874,],[-0.055123,-0.002119,0.998477,]}, r_should_elbow: {[0.996926,0.032030,0.071499,],[-0.028682,0.998465,-0.047381,],[-0.072906,0.045184,0.996315,]}, l_wrist_pinky: {[0.999937,-0.010730,-0.003236,],[0.010595,0.999184,-0.038982,],[0.003651,0.038945,0.999235,]}, r_wrist_pinky: {[0.994504,-0.090656,-0.052368,],[0.084615,0.990555,-0.107895,],[0.061655,0.102871,0.992782,]}, r_hip_knee: {[0.999355,-0.034482,-0.010025,],[0.035132,0.996625,0.074186,],[0.007433,-0.074490,0.997194,]}, r_knee_ankle: {[0.998688,0.045697,0.023126,],[-0.046010,0.998854,0.013195,],[-0.022496,-0.014242,0.999645,]}, r_ankle_heel: {[0.998798,0.048294,0.008448,],[-0.048319,0.998828,0.002785,],[-0.008304,-0.003189,0.999960,]}, r_ankle_foot: {[0.995337,-0.027296,0.092520,],[0.016181,0.992784,0.118819,],[-0.095095,-0.116768,0.988596,]}, lr_hip: {[0.992637,-0.028689,0.117681,],[0.028177,0.999585,0.006011,],[-0.117805,-0.002651,0.993033,]}, l_hip_knee: {[0.999995,-0.001736,-0.002819,],[0.001816,0.999589,0.028626,],[0.002769,-0.028631,0.999586,]}, l_knee_ankle: {[0.999738,0.022741,0.002603,],[-0.022838,0.998638,0.046906,],[-0.001532,-0.046953,0.998896,]}, l_wrist_index: {[0.999921,-0.007711,0.009908,],[0.007981,0.999591,-0.027479,],[-0.009692,0.027556,0.999573,]}, l_ankle_heel: {[0.999184,0.040391,-0.000411,],[-0.040352,0.998570,0.035073,],[0.001827,-0.035028,0.999385,]}, l_ankle_foot: {[0.998026,0.023128,-0.058390,],[-0.021090,0.999155,0.035283,],[0.059157,-0.033982,0.997670,]}, r_hip_should: {[0.999697,-0.023044,-0.008667,],[0.022036,0.994494,-0.102452,],[0.010980,0.102230,0.994700,]}, l_should_elbow: {[0.999009,-0.044162,-0.005506,],[0.044191,0.999009,0.005371,],[0.005263,-0.005609,0.999970,]}, l_elbow_wrist: {[0.999452,-0.030452,-0.013011,],[0.030586,0.999480,0.010237,],[0.012692,-0.010629,0.999863,]}, l_wrist_thumb: {[0.999926,-0.009126,0.007981,],[0.009203,0.999911,-0.009619,],[-0.007892,0.009692,0.999922,]}
FRAME: 20 r_wrist_index: {[0.995402,-0.078295,-0.055182,],[0.075372,0.995735,-0.053197,],[0.059112,0.048793,0.997058,]}, r_wrist_thumb: {[0.996379,-0.064931,-0.054896,],[0.062989,0.997351,-0.036393,],[0.057114,0.032803,0.997829,]}, r_elbow_wrist: {[0.999294,-0.035765,0.011472,],[0.036315,0.997987,-0.051993,],[-0.009589,0.052373,0.998582,]}, l_hip_should: {[0.999645,-0.025097,0.008929,],[0.025695,0.996863,-0.074859,],[-0.007023,0.075062,0.997154,]}, rl_should: {[0.997344,-0.034330,0.064229,],[0.034126,0.999408,0.004266,],[-0.064337,-0.002063,0.997926,]}, r_should_elbow: {[0.997306,0.030124,0.066882,],[-0.027199,0.998651,-0.044222,],[-0.068124,0.042284,0.996780,]}, l_wrist_pinky: {[0.999942,-0.010299,-0.003265,],[0.010172,0.999273,-0.036742,],[0.003641,0.036707,0.999319,]}, r_wrist_pinky: {[0.995139,-0.085285,-0.049237,],[0.079859,0.991444,-0.103252,],[0.057622,0.098819,0.993436,]}, r_hip_knee: {[0.999496,-0.030330,-0.009414,],[0.030931,0.996918,0.072095,],[0.007198,-0.072350,0.997353,]}, r_knee_ankle: {[0.998894,0.042249,0.020640,],[-0.042314,0.999101,0.002728,],[-0.020507,-0.003598,0.999783,]}, r_ankle_heel: {[0.998860,0.047271,0.006663,],[-0.047227,0.998862,-0.006692,],[-0.006971,0.006370,0.999955,]}, r_ankle_foot: {[0.996210,-0.025108,0.083279,],[0.016380,0.994456,0.103871,],[-0.085425,-0.102113,0.991098,]}, lr_hip: {[0.992630,-0.029230,0.117603,],[0.028710,0.999569,0.006107,],[-0.117731,-0.002686,0.993042,]}, l_hip_knee: {[0.999997,0.000160,-0.002359,],[-0.000105,0.999725,0.023458,],[0.002363,-0.023458,0.999722,]}, l_knee_ankle: {[0.999727,0.023124,0.003318,],[-0.023243,0.998839,0.042202,],[-0.002339,-0.042268,0.999104,]}, l_wrist_index: {[0.999906,0.001274,0.013690,],[-0.000862,0.999547,-0.030102,],[-0.013722,0.030088,0.999453,]}, l_ankle_heel: {[0.999105,0.042292,0.000396,],[-0.042283,0.998598,0.031846,],[0.000951,-0.031834,0.999493,]}, l_ankle_foot: {[0.998263,0.023599,-0.053988,],[-0.022150,0.999382,0.027295,],[0.054598,-0.026052,0.998168,]}, r_hip_should: {[0.999679,-0.024260,-0.007267,],[0.023542,0.995976,-0.086476,],[0.009336,0.086277,0.996227,]}, l_should_elbow: {[0.998686,-0.051229,0.001467,],[0.051206,0.998607,0.012696,],[-0.002115,-0.012604,0.999918,]}, l_elbow_wrist: {[0.999427,-0.031077,-0.013371,],[0.031204,0.999468,0.009435,],[0.013071,-0.009846,0.999866,]}, l_wrist_thumb: {[0.999919,0.001355,0.012686,],[-0.001210,0.999934,-0.011448,],[-0.012700,0.011431,0.999854,]}
