[[-0.871807, 1.004028, -0.091635], [-0.868156, 1.075018, -0.074993], [-0.759203, 0.954043, -0.168614], [-1.000827, 0.942095, -0.075842], [-0.866282, 1.145203, -0.026783], [-0.867687, 1.375352, 0.150939], [-0.747090, 1.480674, 0.212327], [-0.998408, 1.466914, 0.213656], [-0.598348, 1.444434, 0.210527], [-0.289858, 1.385612, 0.344428], [-0.381895, 1.338143, 0.740722], [-0.518119, 1.276620, 0.785197], [-0.537750, 1.273629, 0.798115], [-0.558899, 1.270451, 0.815033], [-0.607191, 1.266441, 0.854559], [-0.530043, 1.367797, 0.855567], [-0.562577, 1.396241, 0.874330], [-0.578500, 1.389992, 0.897576], [-0.592208, 1.349709, 0.941922], [-0.491319, 1.385138, 0.875868], [-0.526249, 1.407092, 0.903160], [-0.546459, 1.403136, 0.929484], [-0.564783, 1.382165, 0.964343], [-0.445396, 1.387170, 0.883512], [-0.469705, 1.395156, 0.907787], [-0.488437, 1.394007, 0.930692], [-0.516994, 1.384957, 0.969811], [-0.405526, 1.377922, 0.878251], [-0.423921, 1.380278, 0.905874], [-0.442269, 1.381721, 0.929754], [-0.478391, 1.386857, 0.975453], [-1.135016, 1.401341, 0.191767], [-1.361889, 1.332724, -0.053949], [-1.716105, 1.138578, 0.013960], [-1.769480, 1.045098, 0.126799], [-1.780175, 1.033002, 0.144135], [-1.800218, 1.016500, 0.152478], [-1.848610, 0.980729, 0.169479], [-1.875918, 1.080800, 0.098449], [-1.920274, 1.075789, 0.113517], [-1.934621, 1.050919, 0.116450], [-1.938001, 0.989679, 0.112519], [-1.884904, 1.089348, 0.053078], [-1.929927, 1.074818, 0.067526], [-1.949492, 1.048169, 0.072434], [-1.962521, 1.005526, 0.074024], [-1.873327, 1.093058, 0.008092], [-1.902425, 1.075217, 0.016981], [-1.921825, 1.053521, 0.022433], [-1.949567, 1.013471, 0.029791], [-1.848494, 1.093620, -0.024860], [-1.872614, 1.071440, -0.019092], [-1.894469, 1.051340, -0.013866], [-1.938660, 1.014596, -0.003066], [-0.706346, 0.486281, -0.146370], [-0.880919, 0.301045, -0.633662], [-0.923500, 0.092548, -0.667197], [-0.916228, 0.022542, -0.601064], [-0.994940, 0.718200, 0.338798], [-1.036286, 0.179612, 0.236549], [-1.034936, 0.018770, 0.379856], [-1.014975, 0.019336, 0.474347], [-0.870319, 1.437576, 0.297466], [-0.869581, 1.481106, 0.387348]]
FRAME: 6 l_knee_foot: {[0.991476,-0.000614,0.130288,],[0.096309,0.676931,-0.729718,],[-0.087748,0.736046,0.671220,]}, l_hip_knee: {[0.646017,-0.762634,0.032425,],[0.760925,0.640042,-0.106486,],[0.060456,0.093465,0.993785,]}, r_knee_foot: {[0.994805,0.100613,-0.015507,],[-0.096460,0.980305,0.172329,],[0.032540,-0.169938,0.984917,]}, r_hip_knee: {[0.682373,0.681539,0.264333,],[-0.717036,0.553688,0.423427,],[0.142224,-0.478471,0.866509,]}, spine_head: {[0.990730,-0.065801,0.118846,],[-0.135730,-0.443405,0.885985,],[-0.005602,-0.893903,-0.448226,]}, l_elbow_hand: {[0.732311,0.385958,-0.561032,],[-0.502172,0.862534,-0.062108,],[0.459938,0.327217,0.825461,]}, l_should_elbow: {[0.664634,0.298029,0.685157,],[-0.233470,0.953926,-0.188462,],[-0.709756,-0.034705,0.703593,]}, r_elbow_hand: {[-0.497167,0.233105,0.835755,],[0.508775,0.858578,0.063185,],[-0.702832,0.456625,-0.545455,]}, r_should_elbow: {[0.852205,-0.122075,0.508767,],[0.143326,0.989672,-0.002613,],[-0.503194,0.075147,0.860900,]}, l_spine_should: {[0.986035,-0.094860,-0.136880,],[0.094699,0.995476,-0.007698,],[0.136991,-0.005372,0.990558,]}, r_spine_should: {[0.944004,0.243393,0.222748,],[-0.244103,0.969433,-0.024775,],[-0.221969,-0.030986,0.974561,]}, hip_spine: {[0.999461,0.010342,0.031146,],[-0.030406,0.648921,0.760247,],[-0.012349,-0.760785,0.648886,]}
FRAME: 7 l_knee_foot: {[0.991991,0.000856,0.126305,],[0.093691,0.665656,-0.740354,],[-0.084709,0.746258,0.660245,]}, l_hip_knee: {[0.647078,-0.761963,0.026506,],[0.759262,0.640842,-0.113326,],[0.069364,0.093456,0.993204,]}, r_knee_foot: {[0.995095,0.097796,-0.014917,],[-0.094128,0.982390,0.161402,],[0.030439,-0.159206,0.986776,]}, r_hip_knee: {[0.687865,0.672256,0.273702,],[-0.716386,0.568133,0.404990,],[0.116758,-0.474655,0.872394,]}, spine_head: {[0.990659,-0.065617,0.119537,],[-0.136218,-0.435825,0.889663,],[-0.006279,-0.897636,-0.440692,]}, l_elbow_hand: {[0.729950,0.392849,-0.559323,],[-0.507455,0.859694,-0.058441,],[0.457888,0.326490,0.826887,]}, l_should_elbow: {[0.673141,0.282979,0.683231,],[-0.227564,0.958324,-0.172713,],[-0.703631,-0.039218,0.709483,]}, r_elbow_hand: {[-0.494090,0.251002,0.832390,],[0.528715,0.846781,0.058493,],[-0.690171,0.468998,-0.551095,]}, r_should_elbow: {[0.848713,-0.116091,0.515954,],[0.139598,0.990185,-0.006835,],[-0.510096,0.077827,0.856589,]}, l_spine_should: {[0.986860,-0.093105,-0.132058,],[0.092924,0.995645,-0.007547,],[0.132186,-0.004824,0.991213,]}, r_spine_should: {[0.942473,0.244963,0.227458,],[-0.245878,0.968984,-0.024759,],[-0.226468,-0.032592,0.973473,]}, hip_spine: {[0.999479,0.010184,0.030637,],[-0.029847,0.653232,0.756570,],[-0.012308,-0.757090,0.653195,]}
FRAME: 8 l_knee_foot: {[0.992673,0.003846,0.120772,],[0.090510,0.638519,-0.764265,],[-0.080055,0.769596,0.633492,]}, l_hip_knee: {[0.641424,-0.767186,-0.000922,],[0.758671,0.634482,-0.147821,],[0.113991,0.094116,0.989014,]}, r_knee_foot: {[0.993276,0.114945,-0.013831,],[-0.111516,0.981996,0.152476,],[0.031108,-0.149908,0.988210,]}, r_hip_knee: {[0.688323,0.662908,0.294557,],[-0.721027,0.580686,0.378053,],[0.079569,-0.472607,0.877674,]}, spine_head: {[0.990538,-0.065430,0.120641,],[-0.137049,-0.425028,0.894745,],[-0.007268,-0.902813,-0.429973,]}, l_elbow_hand: {[0.727280,0.393668,-0.562218,],[-0.509614,0.858436,-0.058152,],[0.459735,0.328807,0.824942,]}, l_should_elbow: {[0.680116,0.273637,0.680121,],[-0.223643,0.960948,-0.162983,],[-0.698159,-0.041257,0.714753,]}, r_elbow_hand: {[-0.501108,0.260123,0.825365,],[0.536156,0.841972,0.060163,],[-0.679284,0.472672,-0.561386,]}, r_should_elbow: {[0.834882,-0.105556,0.540212,],[0.134947,0.990740,-0.014969,],[-0.533630,0.085397,0.841395,]}, l_spine_should: {[0.987596,-0.094754,-0.125202,],[0.094468,0.995494,-0.008232,],[0.125418,-0.003698,0.992097,]}, r_spine_should: {[0.941296,0.243119,0.234212,],[-0.244547,0.969355,-0.023388,],[-0.232721,-0.035261,0.971904,]}, hip_spine: {[0.999495,0.010398,0.030027,],[-0.029270,0.669123,0.742575,],[-0.012371,-0.743079,0.669090,]}
FRAME: 9 l_knee_foot: {[0.993895,0.002899,0.110288,],[0.081336,0.656155,-0.750230,],[-0.074541,0.754621,0.651913,]}, l_hip_knee: {[0.642982,-0.765879,0.001743,],[0.758042,0.636074,-0.144157,],[0.109298,0.094012,0.989553,]}, r_knee_foot: {[0.992780,0.119072,-0.014478,],[-0.115014,0.979238,0.166925,],[0.034054,-0.164054,0.985863,]}, r_hip_knee: {[0.689152,0.664447,0.289104,],[-0.719282,0.578945,0.384000,],[0.087772,-0.472581,0.876905,]}, spine_head: {[0.990670,-0.065568,0.119475,],[-0.136140,-0.435751,0.889712,],[-0.006275,-0.897676,-0.440611,]}, l_elbow_hand: {[0.739057,0.378109,-0.557520,],[-0.493461,0.867263,-0.065963,],[0.458575,0.323865,0.827538,]}, l_should_elbow: {[0.680436,0.266930,0.682463,],[-0.221255,0.962670,-0.155928,],[-0.698608,-0.044899,0.714094,]}, r_elbow_hand: {[-0.501581,0.261142,0.824756,],[0.537073,0.841383,0.060218,],[-0.678210,0.473159,-0.562274,]}, r_should_elbow: {[0.840911,-0.101749,0.531521,],[0.130647,0.991284,-0.016933,],[-0.525166,0.083681,0.846875,]}, l_spine_should: {[0.986201,-0.096005,-0.134876,],[0.095797,0.995368,-0.008043,],[0.135023,-0.004989,0.990830,]}, r_spine_should: {[0.943835,0.242217,0.224738,],[-0.243101,0.969700,-0.024161,],[-0.223781,-0.031830,0.974120,]}, hip_spine: {[0.999482,0.010601,0.030372,],[-0.029670,0.668608,0.743023,],[-0.012430,-0.743540,0.668576,]}
FRAME: 10 l_knee_foot: {[0.994093,0.002752,0.108493,],[0.079776,0.659238,-0.747690,],[-0.073581,0.751929,0.655124,]}, l_hip_knee: {[0.643398,-0.765522,0.003920,],[0.758189,0.636510,-0.141436,],[0.105777,0.093972,0.989940,]}, r_knee_foot: {[0.994049,0.107851,-0.015292,],[-0.103586,0.979357,0.173580,],[0.033697,-0.170963,0.984701,]}, r_hip_knee: {[0.684668,0.673652,0.278249,],[-0.719791,0.564922,0.403441,],[0.114589,-0.476504,0.871673,]}, spine_head: {[0.990585,-0.066290,0.119779,],[-0.136773,-0.441661,0.886695,],[-0.005878,-0.894730,-0.446570,]}, l_elbow_hand: {[0.767392,0.333346,-0.547713,],[-0.448955,0.889228,-0.087827,],[0.457765,0.313296,0.832044,]}, l_should_elbow: {[0.680146,0.262330,0.684532,],[-0.219674,0.963803,-0.151088,],[-0.699389,-0.047612,0.713154,]}, r_elbow_hand: {[-0.499209,0.266923,0.824344,],[0.543806,0.837188,0.058238,],[-0.674585,0.477356,-0.563086,]}, r_should_elbow: {[0.844924,-0.100945,0.525275,],[0.129070,0.991489,-0.017073,],[-0.519080,0.082223,0.850761,]}, l_spine_should: {[0.985354,-0.097054,-0.140208,],[0.096888,0.995263,-0.008025,],[0.140323,-0.005677,0.990089,]}, r_spine_should: {[0.945288,0.241342,0.219508,],[-0.241962,0.969977,-0.024475,],[-0.218825,-0.029977,0.975304,]}, hip_spine: {[0.999486,0.010460,0.030293,],[-0.029556,0.666257,0.745136,],[-0.012389,-0.745649,0.666224,]}
FRAME: 11 l_knee_foot: {[0.994433,0.001958,0.105350,],[0.076802,0.671046,-0.737427,],[-0.072139,0.741413,0.667160,]}, l_hip_knee: {[0.649735,-0.760057,0.012573,],[0.754800,0.643103,-0.129212,],[0.090123,0.093444,0.991537,]}, r_knee_foot: {[0.993937,0.108800,-0.015862,],[-0.104056,0.977416,0.183931,],[0.035516,-0.181165,0.982811,]}, r_hip_knee: {[0.679817,0.679936,0.274839,],[-0.721950,0.554537,0.413856,],[0.128987,-0.479766,0.867863,]}, spine_head: {[0.990406,-0.067212,0.120742,],[-0.138067,-0.444589,0.885030,],[-0.005804,-0.893209,-0.449604,]}, l_elbow_hand: {[0.775795,0.322483,-0.542353,],[-0.436713,0.894819,-0.092627,],[0.455437,0.308712,0.835029,]}, l_should_elbow: {[0.679195,0.259739,0.686462,],[-0.218873,0.964410,-0.148351,],[-0.700563,-0.049489,0.711873,]}, r_elbow_hand: {[-0.498363,0.271089,0.823496,],[0.548374,0.834273,0.057228,],[-0.671506,0.480104,-0.564429,]}, r_should_elbow: {[0.845173,-0.099348,0.525179,],[0.127806,0.991634,-0.018091,],[-0.518988,0.082411,0.850800,]}, l_spine_should: {[0.984675,-0.097524,-0.144584,],[0.097403,0.995213,-0.007927,],[0.144665,-0.006277,0.989461,]}, r_spine_should: {[0.946367,0.240993,0.215204,],[-0.241386,0.970111,-0.024860,],[-0.214763,-0.028420,0.976253,]}, hip_spine: {[0.999504,0.010106,0.029816,],[-0.028986,0.665026,0.746258,],[-0.012287,-0.746752,0.664989,]}
FRAME: 12 l_knee_foot: {[0.995527,0.001661,0.094465,],[0.067651,0.685417,-0.725001,],[-0.065953,0.728149,0.682239,]}, l_hip_knee: {[0.654666,-0.755596,0.022064,],[0.752315,0.648420,-0.116506,],[0.073725,0.092872,0.992945,]}, r_knee_foot: {[0.992066,0.124664,-0.016220,],[-0.118720,0.971471,0.205306,],[0.041351,-0.201751,0.978563,]}, r_hip_knee: {[0.673717,0.686365,0.273879,],[-0.725338,0.543272,0.422777,],[0.141389,-0.483487,0.863858,]}, spine_head: {[0.990570,-0.066839,0.119594,],[-0.136903,-0.449356,0.882801,],[-0.005266,-0.890849,-0.454269,]}, l_elbow_hand: {[0.773221,0.326787,-0.543452,],[-0.441057,0.892892,-0.090623,],[0.455630,0.309765,0.834534,]}, l_should_elbow: {[0.679073,0.250367,0.690055,],[-0.215628,0.966602,-0.138508,],[-0.701687,-0.054738,0.710380,]}, r_elbow_hand: {[-0.498168,0.277187,0.821581,],[0.554708,0.830140,0.056274,],[-0.666429,0.483772,-0.567307,]}, r_should_elbow: {[0.845521,-0.095732,0.525290,],[0.124994,0.991947,-0.020416,],[-0.519106,0.082920,0.850678,]}, l_spine_should: {[0.984644,-0.096035,-0.145786,],[0.095963,0.995356,-0.007539,],[0.145833,-0.006567,0.989287,]}, r_spine_should: {[0.946263,0.242473,0.213992,],[-0.242731,0.969759,-0.025480,],[-0.213699,-0.027832,0.976503,]}, hip_spine: {[0.999494,0.010271,0.030113,],[-0.029328,0.664348,0.746848,],[-0.012335,-0.747353,0.664313,]}
FRAME: 13 l_knee_foot: {[0.995636,0.002083,0.093296,],[0.066869,0.681426,-0.728826,],[-0.065092,0.731884,0.678313,]}, l_hip_knee: {[0.656885,-0.753691,0.021249,],[0.750327,0.650659,-0.116843,],[0.074237,0.092696,0.992923,]}, r_knee_foot: {[0.990409,0.137368,-0.014827,],[-0.132079,0.972807,0.190270,],[0.040560,-0.186487,0.981620,]}, r_hip_knee: {[0.672121,0.684806,0.281593,],[-0.728759,0.544523,0.415216,],[0.131009,-0.484289,0.865044,]}, spine_head: {[0.990706,-0.066341,0.118747,],[-0.135928,-0.450375,0.882432,],[-0.005061,-0.890371,-0.455207,]}, l_elbow_hand: {[0.773327,0.324109,-0.544903,],[-0.439405,0.893553,-0.092118,],[0.457044,0.310671,0.833423,]}, l_should_elbow: {[0.677903,0.249063,0.691675,],[-0.215316,0.966869,-0.137128,],[-0.702913,-0.055969,0.709071,]}, r_elbow_hand: {[-0.495169,0.280160,0.822385,],[0.558684,0.827591,0.054458,],[-0.665342,0.486419,-0.566318,]}, r_should_elbow: {[0.847181,-0.094768,0.522784,],[0.123857,0.992081,-0.020872,],[-0.516666,0.082433,0.852209,]}, l_spine_should: {[0.984919,-0.096490,-0.143611,],[0.096379,0.995315,-0.007742,],[0.143685,-0.006216,0.989604,]}, r_spine_should: {[0.945900,0.241978,0.216146,],[-0.242378,0.969858,-0.025071,],[-0.215697,-0.028675,0.976039,]}, hip_spine: {[0.999497,0.010229,0.030034,],[-0.029237,0.664585,0.746640,],[-0.012323,-0.747142,0.664550,]}
FRAME: 14 l_knee_foot: {[0.995501,0.000730,0.094751,],[0.067481,0.696521,-0.714356,],[-0.066517,0.717536,0.693338,]}, l_hip_knee: {[0.660013,-0.750806,0.025953,],[0.748357,0.654043,-0.110403,],[0.065917,0.092289,0.993548,]}, r_knee_foot: {[0.991333,0.130489,-0.015197,],[-0.125226,0.973586,0.190913,],[0.039708,-0.187355,0.981489,]}, r_hip_knee: {[0.670587,0.687949,0.277560,],[-0.728375,0.539658,0.422184,],[0.140653,-0.485279,0.862972,]}, spine_head: {[0.990611,-0.066968,0.119186,],[-0.136625,-0.454016,0.880456,],[-0.004850,-0.888473,-0.458903,]}, l_elbow_hand: {[0.771676,0.322358,-0.548272,],[-0.439531,0.893361,-0.093372,],[0.459706,0.313035,0.831071,]}, l_should_elbow: {[0.675790,0.246188,0.694766,],[-0.214581,0.967457,-0.134096,],[-0.705169,-0.058463,0.706625,]}, r_elbow_hand: {[-0.491267,0.282920,0.823780,],[0.562715,0.824998,0.052241,],[-0.664837,0.489218,-0.564497,]}, r_should_elbow: {[0.852033,-0.095655,0.514675,],[0.123331,0.992169,-0.019772,],[-0.508753,0.080321,0.857157,]}, l_spine_should: {[0.984098,-0.096430,-0.149174,],[0.096396,0.995315,-0.007471,],[0.149196,-0.007028,0.988783,]}, r_spine_should: {[0.947092,0.242160,0.210654,],[-0.242253,0.969871,-0.025766,],[-0.210546,-0.026628,0.977221,]}, hip_spine: {[0.999499,0.009974,0.030022,],[-0.029167,0.658027,0.752430,],[-0.012250,-0.752929,0.657988,]}
FRAME: 15 l_knee_foot: {[0.995423,0.000582,0.095562,],[0.068087,0.697365,-0.713474,],[-0.067057,0.716716,0.694134,]}, l_hip_knee: {[0.660460,-0.750406,0.026146,],[0.748002,0.654509,-0.110051,],[0.065470,0.092242,0.993582,]}, r_knee_foot: {[0.992581,0.120471,-0.016396,],[-0.114628,0.972214,0.204111,],[0.040530,-0.200717,0.978810,]}, r_hip_knee: {[0.669590,0.692250,0.269144,],[-0.726020,0.533602,0.433780,],[0.156668,-0.485858,0.859882,]}, spine_head: {[0.990645,-0.066997,0.118890,],[-0.136390,-0.456680,0.879114,],[-0.004603,-0.887104,-0.461546,]}, l_elbow_hand: {[0.770729,0.324279,-0.548471,],[-0.441325,0.892574,-0.092436,],[0.459576,0.313296,0.831045,]}, l_should_elbow: {[0.675784,0.244563,0.695345,],[-0.214023,0.967815,-0.132392,],[-0.705344,-0.059352,0.706376,]}, r_elbow_hand: {[-0.488139,0.286588,0.824371,],[0.567426,0.821888,0.050268,],[-0.663135,0.492308,-0.563814,]}, r_should_elbow: {[0.853593,-0.095806,0.512055,],[0.123061,0.992208,-0.019499,],[-0.506196,0.079658,0.858732,]}, l_spine_should: {[0.983661,-0.096664,-0.151882,],[0.096664,0.995290,-0.007399,],[0.151881,-0.007404,0.988371,]}, r_spine_should: {[0.947728,0.241984,0.207982,],[-0.241945,0.969941,-0.026021,],[-0.208027,-0.025659,0.977787,]}, hip_spine: {[0.999500,0.009810,0.030059,],[-0.029169,0.652999,0.756796,],[-0.012204,-0.757295,0.652959,]}
FRAME: 16 l_knee_foot: {[0.995217,0.003684,0.097621,],[0.071174,0.657146,-0.750396,],[-0.066916,0.753755,0.653740,]}, l_hip_knee: {[0.658961,-0.752163,0.004506,],[0.745595,0.652393,-0.135913,],[0.099289,0.092922,0.990710,]}, r_knee_foot: {[0.993235,0.114987,-0.016200,],[-0.109652,0.974638,0.195081,],[0.038221,-0.191985,0.980653,]}, r_hip_knee: {[0.672843,0.688069,0.271741,],[-0.725124,0.540636,0.426506,],[0.146553,-0.484018,0.862699,]}, spine_head: {[0.990521,-0.067526,0.119617,],[-0.137280,-0.456905,0.878858,],[-0.004692,-0.886948,-0.461845,]}, l_elbow_hand: {[0.771592,0.324856,-0.546913,],[-0.441060,0.892752,-0.091974,],[0.458379,0.312188,0.832122,]}, l_should_elbow: {[0.677013,0.242579,0.694844,],[-0.213188,0.968280,-0.130322,],[-0.704417,-0.059903,0.707254,]}, r_elbow_hand: {[-0.484385,0.284883,0.827172,],[0.566846,0.822383,0.048706,],[-0.666376,0.492471,-0.559835,]}, r_should_elbow: {[0.854628,-0.096502,0.510195,],[0.123336,0.992184,-0.018931,],[-0.504380,0.079104,0.859851,]}, l_spine_should: {[0.983538,-0.097248,-0.152301,],[0.097241,0.995233,-0.007512,],[0.152305,-0.007422,0.988306,]}, r_spine_should: {[0.947959,0.241423,0.207577,],[-0.241388,0.970083,-0.025889,],[-0.207618,-0.025565,0.977876,]}, hip_spine: {[0.999495,0.009900,0.030196,],[-0.029329,0.653094,0.756709,],[-0.012229,-0.757212,0.653054,]}
FRAME: 17 l_knee_foot: {[0.995186,0.003081,0.097958,],[0.071179,0.664347,-0.744027,],[-0.067371,0.747418,0.660929,]}, l_hip_knee: {[0.659487,-0.751695,0.005633,],[0.745383,0.652941,-0.134436,],[0.097377,0.092857,0.990906,]}, r_knee_foot: {[0.993693,0.110956,-0.016228,],[-0.105810,0.975682,0.191962,],[0.037133,-0.189034,0.981268,]}, r_hip_knee: {[0.673447,0.687640,0.271330,],[-0.724638,0.541493,0.426245,],[0.146180,-0.483670,0.862957,]}, spine_head: {[0.991144,-0.065139,0.115713,],[-0.132733,-0.460907,0.877466,],[-0.003824,-0.885055,-0.465471,]}, l_elbow_hand: {[0.773217,0.323976,-0.545137,],[-0.439404,0.893544,-0.092211,],[0.457230,0.310834,0.833260,]}, l_should_elbow: {[0.679988,0.236562,0.694014,],[-0.210731,0.969642,-0.124040,],[-0.702289,-0.061905,0.709196,]}, r_elbow_hand: {[-0.481606,0.286347,0.828288,],[0.569196,0.820847,0.047182,],[-0.666388,0.494182,-0.558312,]}, r_should_elbow: {[0.855913,-0.094567,0.508400,],[0.121546,0.992384,-0.020035,],[-0.502633,0.078942,0.860888,]}, l_spine_should: {[0.983473,-0.097273,-0.152701,],[0.097271,0.995230,-0.007499,],[0.152703,-0.007478,0.988244,]}, r_spine_should: {[0.948050,0.241406,0.207182,],[-0.241352,0.970091,-0.025930,],[-0.207245,-0.025421,0.977959,]}, hip_spine: {[0.999450,0.010615,0.031407,],[-0.030735,0.651791,0.757775,],[-0.012427,-0.758324,0.651759,]}
FRAME: 18 l_knee_foot: {[0.995042,0.002619,0.099424,],[0.072186,0.668659,-0.740057,],[-0.068419,0.743565,0.665154,]}, l_hip_knee: {[0.660723,-0.750606,0.005970,],[0.744411,0.654207,-0.133662,],[0.096422,0.092758,0.991009,]}, r_knee_foot: {[0.994100,0.107261,-0.016124,],[-0.102379,0.976985,0.187133,],[0.035825,-0.184378,0.982202,]}, r_hip_knee: {[0.672436,0.687269,0.274758,],[-0.726375,0.541465,0.423314,],[0.142159,-0.484229,0.863315,]}, spine_head: {[0.990964,-0.066015,0.116757,],[-0.134072,-0.462537,0.876404,],[-0.003852,-0.884139,-0.467208,]}, l_elbow_hand: {[0.774104,0.323282,-0.544291,],[-0.438373,0.894025,-0.092458,],[0.456719,0.310174,0.833786,]}, l_should_elbow: {[0.682606,0.234373,0.692183,],[-0.209627,0.970169,-0.121771,],[-0.700075,-0.061979,0.711375,]}, r_elbow_hand: {[-0.477408,0.289218,0.829719,],[0.573414,0.818041,0.044786,],[-0.665791,0.497154,-0.556381,]}, r_should_elbow: {[0.856859,-0.094258,0.506861,],[0.121076,0.992439,-0.020123,],[-0.501132,0.078612,0.861793,]}, l_spine_should: {[0.983381,-0.097323,-0.153265,],[0.097328,0.995224,-0.007485,],[0.153261,-0.007556,0.988157,]}, r_spine_should: {[0.948181,0.241367,0.206626,],[-0.241286,0.970106,-0.025983,],[-0.206720,-0.025220,0.978075,]}, hip_spine: {[0.999431,0.010886,0.031923,],[-0.031326,0.650414,0.758934,],[-0.012501,-0.759502,0.650385,]}
FRAME: 19 l_knee_foot: {[0.995032,0.001853,0.099540,],[0.071938,0.677794,-0.731724,],[-0.068824,0.735249,0.674294,]}, l_hip_knee: {[0.660599,-0.750689,0.008641,],[0.745034,0.654120,-0.130582,],[0.092375,0.092700,0.991400,]}, r_knee_foot: {[0.994063,0.107538,-0.016557,],[-0.102292,0.975533,0.194608,],[0.037080,-0.191759,0.980741,]}, r_hip_knee: {[0.671246,0.690329,0.269953,],[-0.725402,0.536920,0.430708,],[0.152387,-0.484935,0.861171,]}, spine_head: {[0.991738,-0.063072,0.111707,],[-0.128256,-0.469851,0.873379,],[-0.002600,-0.880490,-0.474058,]}, l_elbow_hand: {[0.775595,0.326769,-0.540069,],[-0.439387,0.893754,-0.090239,],[0.453202,0.307288,0.836769,]}, l_should_elbow: {[0.683161,0.234322,0.691653,],[-0.209537,0.970195,-0.121725,],[-0.699561,-0.061769,0.711898,]}, r_elbow_hand: {[-0.471285,0.294807,0.831252,],[0.580976,0.812882,0.041097,],[-0.663595,0.502306,-0.554375,]}, r_should_elbow: {[0.857444,-0.091591,0.506361,],[0.118895,0.992668,-0.021777,],[-0.500654,0.078876,0.862047,]}, l_spine_should: {[0.982930,-0.097589,-0.155961,],[0.097629,0.995195,-0.007423,],[0.155936,-0.007930,0.987735,]}, r_spine_should: {[0.948812,0.241153,0.203961,],[-0.240947,0.970184,-0.026228,],[-0.204205,-0.024259,0.978628,]}, hip_spine: {[0.999372,0.011727,0.033443,],[-0.033076,0.647518,0.761332,],[-0.012727,-0.761960,0.647499,]}
FRAME: 20 l_knee_foot: {[0.995044,0.001078,0.099431,],[0.071502,0.687139,-0.722998,],[-0.069103,0.726525,0.683657,]}, l_hip_knee: {[0.660699,-0.750514,0.014319,],[0.745978,0.654342,-0.123904,],[0.083622,0.092545,0.992191,]}, r_knee_foot: {[0.993867,0.109319,-0.016665,],[-0.103889,0.974684,0.197985,],[0.037886,-0.195040,0.980063,]}, r_hip_knee: {[0.670774,0.691703,0.267599,],[-0.724818,0.534922,0.434164,],[0.157168,-0.485186,0.860170,]}, spine_head: {[0.992271,-0.060997,0.108067,],[-0.124082,-0.476086,0.870601,],[-0.001654,-0.877281,-0.479975,]}, l_elbow_hand: {[0.776619,0.329944,-0.536657,],[-0.440546,0.893380,-0.088270,],[0.450314,0.304974,0.839171,]}, l_should_elbow: {[0.683151,0.233729,0.691864,],[-0.209331,0.970317,-0.121102,],[-0.699632,-0.062097,0.711799,]}, r_elbow_hand: {[-0.466504,0.300818,0.831795,],[0.588528,0.807583,0.038009,],[-0.660310,0.507265,-0.553781,]}, r_should_elbow: {[0.856899,-0.089954,0.507574,],[0.117782,0.992775,-0.022899,],[-0.501848,0.079406,0.861304,]}, l_spine_should: {[0.982850,-0.097729,-0.156379,],[0.097772,0.995181,-0.007436,],[0.156352,-0.007981,0.987669,]}, r_spine_should: {[0.948934,0.241023,0.203551,],[-0.240802,0.970220,-0.026235,],[-0.203812,-0.024120,0.978713,]}, hip_spine: {[0.999310,0.012562,0.034943,],[-0.034802,0.644974,0.763412,],[-0.012947,-0.764101,0.644966,]}
FRAME: 21 l_knee_foot: {[0.994794,0.000383,0.101910,],[0.073245,0.692613,-0.717580,],[-0.070859,0.721309,0.688979,]}, l_hip_knee: {[0.661221,-0.749912,0.020462,],[0.746534,0.655062,-0.116537,],[0.073988,0.092333,0.992976,]}, r_knee_foot: {[0.991177,0.131624,-0.015603,],[-0.125857,0.971539,0.200679,],[0.041573,-0.196945,0.979533,]}, r_hip_knee: {[0.667680,0.694252,0.268733,],[-0.726890,0.530036,0.436684,],[0.160730,-0.486904,0.858540,]}, spine_head: {[0.992703,-0.059022,0.105148,],[-0.120575,-0.477476,0.870332,],[-0.001163,-0.876660,-0.481108,]}, l_elbow_hand: {[0.775107,0.329452,-0.539139,],[-0.441310,0.892949,-0.088806,],[0.452166,0.306761,0.837522,]}, l_should_elbow: {[0.681839,0.231254,0.693986,],[-0.208647,0.970786,-0.118495,],[-0.701115,-0.064003,0.710170,]}, r_elbow_hand: {[-0.468945,0.300348,0.830592,],[0.587304,0.808414,0.039258,],[-0.659671,0.506220,-0.555497,]}, r_should_elbow: {[0.856831,-0.086592,0.508274,],[0.115233,0.993022,-0.025080,],[-0.502556,0.080059,0.860830,]}, l_spine_should: {[0.983230,-0.097288,-0.154252,],[0.097309,0.995226,-0.007432,],[0.154238,-0.007703,0.988004,]}, r_spine_should: {[0.948381,0.241418,0.205648,],[-0.241285,0.970103,-0.026114,],[-0.205804,-0.024854,0.978277,]}, hip_spine: {[0.999214,0.013980,0.037105,],[-0.037340,0.646564,0.761945,],[-0.013338,-0.762732,0.646577,]}
FRAME: 22 l_knee_foot: {[0.994509,0.000618,0.104651,],[0.075617,0.687059,-0.722656,],[-0.072348,0.726601,0.683239,]}, l_hip_knee: {[0.661120,-0.750060,0.018164,],[0.746260,0.654882,-0.119268,],[0.077563,0.092406,0.992696,]}, r_knee_foot: {[0.991516,0.128947,-0.016391,],[-0.122506,0.969165,0.213802,],[0.043454,-0.209981,0.976739,]}, r_hip_knee: {[0.667501,0.695084,0.267022,],[-0.726345,0.528884,0.438981,],[0.163905,-0.486971,0.857901,]}, spine_head: {[0.992836,-0.058414,0.104232,],[-0.119480,-0.478068,0.870158,],[-0.000999,-0.876378,-0.481623,]}, l_elbow_hand: {[0.773427,0.333071,-0.539328,],[-0.444608,0.891486,-0.087041,],[0.451813,0.307110,0.837585,]}, l_should_elbow: {[0.679626,0.231246,0.696156,],[-0.208943,0.970725,-0.118470,],[-0.703172,-0.064942,0.708048,]}, r_elbow_hand: {[-0.470972,0.298557,0.830090,],[0.584871,0.810116,0.040468,],[-0.660387,0.504555,-0.556159,]}, r_should_elbow: {[0.857058,-0.082463,0.508578,],[0.112022,0.993319,-0.027719,],[-0.502894,0.080729,0.860570,]}, l_spine_should: {[0.983508,-0.096996,-0.152657,],[0.097001,0.995256,-0.007439,],[0.152655,-0.007492,0.988251,]}, r_spine_should: {[0.947973,0.241674,0.207220,],[-0.241610,0.970025,-0.026011,],[-0.207295,-0.025409,0.977948,]}, hip_spine: {[0.999184,0.014403,0.037746,],[-0.038094,0.647049,0.761496,],[-0.013456,-0.762312,0.647070,]}
FRAME: 23 l_knee_foot: {[0.994196,0.000661,0.107582,],[0.078064,0.683666,-0.725608,],[-0.074030,0.729795,0.679647,]}, l_hip_knee: {[0.661022,-0.750192,0.016143,],[0.746013,0.654722,-0.121670,],[0.080707,0.092469,0.992439,]}, r_knee_foot: {[0.991567,0.128499,-0.016803,],[-0.121627,0.967518,0.221621,],[0.044736,-0.217709,0.974988,]}, r_hip_knee: {[0.667373,0.695714,0.265698,],[-0.725910,0.528017,0.440741,],[0.166337,-0.487011,0.857410,]}, spine_head: {[0.992875,-0.058214,0.103969,],[-0.119153,-0.477911,0.870289,],[-0.000975,-0.876477,-0.481443,]}, l_elbow_hand: {[0.772321,0.334641,-0.539941,],[-0.446297,0.890711,-0.086335,],[0.452040,0.307652,0.837263,]}, l_should_elbow: {[0.677653,0.231532,0.697982,],[-0.209308,0.970612,-0.118756,],[-0.704966,-0.065618,0.706199,]}, r_elbow_hand: {[-0.471803,0.298007,0.829816,],[0.584059,0.810678,0.040941,],[-0.660512,0.503978,-0.556534,]}, r_should_elbow: {[0.856905,-0.080066,0.509218,],[0.110230,0.993475,-0.029286,],[-0.503550,0.081227,0.860139,]}, l_spine_should: {[0.983784,-0.096709,-0.151049,],[0.096697,0.995286,-0.007447,],[0.151058,-0.007279,0.988498,]}, r_spine_should: {[0.947562,0.241924,0.208805,],[-0.241930,0.969948,-0.025906,],[-0.208797,-0.025969,0.977614,]}, hip_spine: {[0.999152,0.014843,0.038401,],[-0.038866,0.647714,0.760892,],[-0.013579,-0.761739,0.647742,]}
FRAME: 24 l_knee_foot: {[0.994096,0.000773,0.108506,],[0.078880,0.681535,-0.727522,],[-0.074513,0.731785,0.677450,]}, l_hip_knee: {[0.661884,-0.749469,0.014358,],[0.744980,0.655554,-0.123510,],[0.083155,0.092446,0.992239,]}, r_knee_foot: {[0.992077,0.124459,-0.017107,],[-0.117584,0.967844,0.222379,],[0.044234,-0.218605,0.974810,]}, r_hip_knee: {[0.666891,0.695702,0.266935,],[-0.726629,0.527769,0.439853,],[0.165126,-0.487297,0.857482,]}, spine_head: {[0.993104,-0.057284,0.102288,],[-0.117235,-0.481449,0.868599,],[-0.000510,-0.874600,-0.484844,]}, l_elbow_hand: {[0.771679,0.336334,-0.539806,],[-0.447732,0.890073,-0.085482,],[0.451716,0.307653,0.837438,]}, l_should_elbow: {[0.677266,0.230133,0.698820,],[-0.208881,0.970882,-0.117290,],[-0.705464,-0.066534,0.705616,]}, r_elbow_hand: {[-0.475101,0.296285,0.828550,],[0.581302,0.812564,0.042757,],[-0.660581,0.501951,-0.558281,]}, r_should_elbow: {[0.856803,-0.078013,0.509709,],[0.108688,0.993604,-0.030625,],[-0.504059,0.081639,0.859802,]}, l_spine_should: {[0.983953,-0.096689,-0.149957,],[0.096661,0.995289,-0.007493,],[0.149975,-0.007122,0.988664,]}, r_spine_should: {[0.947323,0.241923,0.209885,],[-0.241986,0.969937,-0.025780,],[-0.209812,-0.026368,0.977386,]}, hip_spine: {[0.999117,0.015293,0.039139,],[-0.039725,0.647439,0.761081,],[-0.013701,-0.761964,0.647475,]}
FRAME: 25 l_knee_foot: {[0.993941,0.000633,0.109912,],[0.079981,0.681751,-0.727199,],[-0.075393,0.731584,0.677570,]}, l_hip_knee: {[0.663608,-0.747950,0.014008,],[0.743451,0.657305,-0.123412,],[0.083098,0.092312,0.992257,]}, r_knee_foot: {[0.992183,0.123613,-0.017088,],[-0.116829,0.968269,0.220922,],[0.043854,-0.217199,0.975142,]}, r_hip_knee: {[0.666675,0.696023,0.266640,],[-0.726628,0.527246,0.440481,],[0.166000,-0.487406,0.857251,]}, spine_head: {[0.993135,-0.057329,0.101959,],[-0.116971,-0.485105,0.866597,],[-0.000220,-0.872574,-0.488481,]}, l_elbow_hand: {[0.770813,0.339961,-0.538771,],[-0.450449,0.888882,-0.083573,],[0.450492,0.307108,0.838297,]}, l_should_elbow: {[0.676757,0.229910,0.699386,],[-0.208874,0.970912,-0.117053,],[-0.705954,-0.066867,0.705094,]}, r_elbow_hand: {[-0.475279,0.296473,0.828380,],[0.581437,0.812464,0.042820,],[-0.660334,0.502002,-0.558528,]}, r_should_elbow: {[0.856780,-0.074149,0.510323,],[0.105740,0.993842,-0.033124,],[-0.504724,0.082341,0.859345,]}, l_spine_should: {[0.984294,-0.096446,-0.147864,],[0.096394,0.995315,-0.007535,],[0.147898,-0.006837,0.988979,]}, r_spine_should: {[0.946814,0.242117,0.211948,],[-0.242282,0.969868,-0.025602,],[-0.211760,-0.027110,0.976946,]}, hip_spine: {[0.999112,0.015326,0.039251,],[-0.039846,0.646618,0.761773,],[-0.013705,-0.762660,0.646654,]}
FRAME: 26 l_knee_foot: {[0.993737,0.000285,0.111748,],[0.081345,0.683812,-0.725110,],[-0.076621,0.729658,0.679506,]}, l_hip_knee: {[0.663683,-0.747883,0.013981,],[0.743382,0.657382,-0.123421,],[0.083114,0.092306,0.992256,]}, r_knee_foot: {[0.992267,0.122793,-0.018090,],[-0.114959,0.964181,0.239037,],[0.046794,-0.235109,0.970842,]}, r_hip_knee: {[0.663412,0.701756,0.259661,],[-0.725461,0.518232,0.452927,],[0.183279,-0.488850,0.852897,]}, spine_head: {[0.992326,-0.061712,0.107144,],[-0.123645,-0.492913,0.861248,],[-0.000337,-0.867887,-0.496762,]}, l_elbow_hand: {[0.769326,0.346308,-0.536850,],[-0.455164,0.886786,-0.080225,],[0.448288,0.306074,0.839855,]}, l_should_elbow: {[0.673800,0.231883,0.701587,],[-0.209948,0.970431,-0.119106,],[-0.708460,-0.067043,0.702560,]}, r_elbow_hand: {[-0.470518,0.294430,0.831820,],[0.580828,0.813004,0.040775,],[-0.664268,0.502330,-0.553547,]}, r_should_elbow: {[0.862410,-0.071579,0.501124,],[0.102284,0.994173,-0.034022,],[-0.495769,0.080598,0.864706,]}, l_spine_should: {[0.982668,-0.093986,-0.159781,],[0.094173,0.995535,-0.006419,],[0.159671,-0.008739,0.987132,]}, r_spine_should: {[0.948723,0.244712,0.200103,],[-0.244163,0.969335,-0.027811,],[-0.200772,-0.022473,0.979380,]}, hip_spine: {[0.999067,0.015567,0.040277,],[-0.040944,0.637821,0.769095,],[-0.013717,-0.770027,0.637864,]}
FRAME: 27 l_knee_foot: {[0.993487,-0.000005,0.113945,],[0.083033,0.684855,-0.723933,],[-0.078032,0.728679,0.680395,]}, l_hip_knee: {[0.663346,-0.748217,0.011986,],[0.743321,0.656989,-0.125851,],[0.086290,0.092392,0.991977,]}, r_knee_foot: {[0.992569,0.120307,-0.018265,],[-0.112512,0.964522,0.238829,],[0.046349,-0.234999,0.970890,]}, r_hip_knee: {[0.662873,0.702706,0.258465,],[-0.725214,0.516744,0.455017,],[0.186183,-0.489060,0.852148,]}, spine_head: {[0.991772,-0.064445,0.110614,],[-0.128017,-0.495253,0.859265,],[-0.000593,-0.866355,-0.499428,]}, l_elbow_hand: {[0.768958,0.347131,-0.536847,],[-0.455894,0.886448,-0.079818,],[0.448179,0.306122,0.839896,]}, l_should_elbow: {[0.674634,0.235710,0.699507,],[-0.211140,0.969672,-0.123113,],[-0.707311,-0.064637,0.703941,]}, r_elbow_hand: {[-0.466926,0.295678,0.833399,],[0.583194,0.811403,0.038870,],[-0.664729,0.504183,-0.551303,]}, r_should_elbow: {[0.864606,-0.071327,0.497362,],[0.101508,0.994258,-0.033873,],[-0.492090,0.079773,0.866882,]}, l_spine_should: {[0.981789,-0.093523,-0.165358,],[0.093817,0.995571,-0.006050,],[0.165192,-0.009574,0.986215,]}, r_spine_should: {[0.949745,0.245220,0.194553,],[-0.244394,0.969253,-0.028620,],[-0.195589,-0.020366,0.980474,]}, hip_spine: {[0.999046,0.015695,0.040750,],[-0.041455,0.634216,0.772044,],[-0.013727,-0.772996,0.634262,]}
FRAME: 28 l_knee_foot: {[0.994442,0.000640,0.105280,],[0.076147,0.686182,-0.723434,],[-0.072704,0.727430,0.682319,]}, l_hip_knee: {[0.665952,-0.745705,0.020766,],[0.742519,0.659908,-0.114835,],[0.071929,0.091894,0.993168,]}, r_knee_foot: {[0.993121,0.115817,-0.017245,],[-0.109457,0.970541,0.214638,],[0.041596,-0.211274,0.976541,]}, r_hip_knee: {[0.667184,0.696755,0.263434,],[-0.725135,0.526602,0.443699,],[0.170425,-0.487055,0.856582,]}, spine_head: {[0.992116,-0.062867,0.108417,],[-0.125326,-0.495613,0.859454,],[-0.000299,-0.866265,-0.499584,]}, l_elbow_hand: {[0.768914,0.348429,-0.536067,],[-0.456677,0.886110,-0.079093,],[0.447456,0.305625,0.840462,]}, l_should_elbow: {[0.675899,0.235826,0.698245,],[-0.211014,0.969683,-0.123242,],[-0.706140,-0.064041,0.705170,]}, r_elbow_hand: {[-0.459199,0.300075,0.836117,],[0.590007,0.806660,0.034531,],[-0.664099,0.509171,-0.547464,]}, r_should_elbow: {[0.865403,-0.070005,0.496161,],[0.100277,0.994358,-0.034605,],[-0.490939,0.079701,0.867540,]}, l_spine_should: {[0.982222,-0.092964,-0.163089,],[0.093232,0.995626,-0.006027,],[0.162936,-0.009285,0.986593,]}, r_spine_should: {[0.949148,0.245742,0.196795,],[-0.244995,0.969105,-0.028522,],[-0.197725,-0.021142,0.980030,]}, hip_spine: {[0.998986,0.016405,0.041916,],[-0.042809,0.634065,0.772094,],[-0.013911,-0.773106,0.634124,]}
FRAME: 29 l_knee_foot: {[0.994416,-0.000955,0.105528,],[0.075645,0.703709,-0.706450,],[-0.073586,0.710488,0.699852,]}, l_hip_knee: {[0.669387,-0.742104,0.034670,],[0.741268,0.664073,-0.097613,],[0.049416,0.091041,0.994620,]}, r_knee_foot: {[0.993120,0.115944,-0.016388,],[-0.110386,0.973688,0.199364,],[0.039072,-0.196183,0.979788,]}, r_hip_knee: {[0.670938,0.690069,0.271380,],[-0.726075,0.537096,0.429353,],[0.150526,-0.485112,0.861399,]}, spine_head: {[0.991645,-0.065216,0.111299,],[-0.128998,-0.498359,0.857320,],[-0.000445,-0.864514,-0.502608,]}, l_elbow_hand: {[0.763651,0.364454,-0.532926,],[-0.469472,0.880101,-0.070847,],[0.443209,0.304296,0.843190,]}, l_should_elbow: {[0.677782,0.237140,0.695971,],[-0.211218,0.969461,-0.124628,],[-0.704271,-0.062531,0.707172,]}, r_elbow_hand: {[-0.448963,0.302325,0.840852,],[0.595384,0.802910,0.029215,],[-0.666296,0.513746,-0.540476,]}, r_should_elbow: {[0.866269,-0.070547,0.494571,],[0.100465,0.994355,-0.034133,],[-0.489371,0.079255,0.868467,]}, l_spine_should: {[0.982417,-0.092693,-0.162062,],[0.092950,0.995653,-0.006013,],[0.161914,-0.009156,0.986762,]}, r_spine_should: {[0.948872,0.245994,0.197810,],[-0.245283,0.969033,-0.028484,],[-0.198691,-0.021492,0.979827,]}, hip_spine: {[0.998949,0.016723,0.042675,],[-0.043654,0.630890,0.774643,],[-0.013969,-0.775692,0.630957,]}
FRAME: 30 l_knee_foot: {[0.994276,-0.001358,0.106836,],[0.076548,0.706650,-0.703410,],[-0.074540,0.707562,0.702709,]}, l_hip_knee: {[0.671419,-0.740052,0.038983,],[0.739879,0.666415,-0.092031,],[0.042129,0.090634,0.994993,]}, r_knee_foot: {[0.993034,0.116722,-0.016088,],[-0.111392,0.974520,0.194685,],[0.038402,-0.191537,0.980734,]}, r_hip_knee: {[0.672220,0.687687,0.274239,],[-0.726327,0.540816,0.424225,],[0.143421,-0.484360,0.863033,]}, spine_head: {[0.991337,-0.066693,0.113152,],[-0.131343,-0.499638,0.856219,],[-0.000569,-0.863663,-0.504069,]}, l_elbow_hand: {[0.760061,0.373851,-0.531547,],[-0.477224,0.876295,-0.066062,],[0.441095,0.303878,0.844448,]}, l_should_elbow: {[0.679030,0.238188,0.694395,],[-0.211418,0.969274,-0.125737,],[-0.703008,-0.061428,0.708524,]}, r_elbow_hand: {[-0.443427,0.302799,0.843615,],[0.597528,0.801412,0.026426,],[-0.668082,0.515801,-0.536299,]}, r_should_elbow: {[0.867134,-0.071318,0.492942,],[0.100831,0.994339,-0.033512,],[-0.487761,0.078764,0.869416,]}, l_spine_should: {[0.982436,-0.092457,-0.162082,],[0.092720,0.995674,-0.005957,],[0.161931,-0.009176,0.986759,]}, r_spine_should: {[0.948818,0.246223,0.197784,],[-0.245501,0.968975,-0.028559,],[-0.198680,-0.021459,0.979829,]}, hip_spine: {[0.998916,0.017013,0.043326,],[-0.044384,0.628589,0.776470,],[-0.014025,-0.777552,0.628663,]}
FRAME: 31 l_knee_foot: {[0.994184,-0.001557,0.107685,],[0.077161,0.707847,-0.702139,],[-0.075131,0.706364,0.703850,]}, l_hip_knee: {[0.672627,-0.738908,0.039843,],[0.738877,0.667707,-0.090715,],[0.040426,0.090457,0.995080,]}, r_knee_foot: {[0.993056,0.116762,-0.014389,],[-0.112859,0.980031,0.163711,],[0.033217,-0.160950,0.986403,]}, r_hip_knee: {[0.685466,0.657805,0.312137,],[-0.726191,0.586590,0.358552,],[0.052761,-0.472446,0.879779,]}, spine_head: {[0.990943,-0.068724,0.115361,],[-0.134280,-0.504048,0.853173,],[-0.000486,-0.860937,-0.508711,]}, l_elbow_hand: {[0.758555,0.379369,-0.529786,],[-0.481346,0.874251,-0.063165,],[0.439203,0.302925,0.845776,]}, l_should_elbow: {[0.684528,0.239566,0.688498,],[-0.211190,0.969128,-0.127240,],[-0.697725,-0.058305,0.713989,]}, r_elbow_hand: {[-0.440577,0.306681,0.843705,],[0.602315,0.797883,0.024500,],[-0.665664,0.518970,-0.536247,]}, r_should_elbow: {[0.869339,-0.070289,0.489193,],[0.099449,0.994467,-0.033841,],[-0.484108,0.078070,0.871519,]}, l_spine_should: {[0.981774,-0.093330,-0.165560,],[0.093632,0.995589,-0.005996,],[0.165389,-0.009615,0.986181,]}, r_spine_should: {[0.949738,0.245409,0.194348,],[-0.244566,0.969208,-0.028704,],[-0.195408,-0.020270,0.980513,]}, hip_spine: {[0.998913,0.017196,0.043333,],[-0.044435,0.632376,0.773386,],[-0.014103,-0.774470,0.632453,]}
FRAME: 32 l_knee_foot: {[0.994351,-0.001445,0.106129,],[0.075926,0.708388,-0.701727,],[-0.074167,0.705821,0.704497,]}, l_hip_knee: {[0.674725,-0.736873,0.041999,],[0.737168,0.669998,-0.087665,],[0.036459,0.090110,0.995264,]}, r_knee_foot: {[0.993115,0.116327,-0.013827,],[-0.112862,0.981735,0.153164,],[0.031392,-0.150549,0.988104,]}, r_hip_knee: {[0.687811,0.652621,0.317808,],[-0.724891,0.594571,0.347878,],[0.038073,-0.469650,0.882031,]}, spine_head: {[0.990492,-0.070864,0.117913,],[-0.137568,-0.506673,0.851092,],[-0.000569,-0.859221,-0.511605,]}, l_elbow_hand: {[0.756584,0.383088,-0.529929,],[-0.484744,0.872503,-0.061335,],[0.438868,0.303285,0.845821,]}, l_should_elbow: {[0.684225,0.240532,0.688463,],[-0.211567,0.968912,-0.128250,],[-0.697908,-0.057904,0.713843,]}, r_elbow_hand: {[-0.438680,0.308020,0.844206,],[0.604237,0.796461,0.023383,],[-0.665175,0.520358,-0.535509,]}, r_should_elbow: {[0.869591,-0.070047,0.488779,],[0.099194,0.994488,-0.033958,],[-0.483706,0.078013,0.871747,]}, l_spine_should: {[0.981651,-0.093496,-0.166194,],[0.093806,0.995572,-0.006005,],[0.166019,-0.009696,0.986075,]}, r_spine_should: {[0.949907,0.245254,0.193721,],[-0.244390,0.969252,-0.028728,],[-0.194811,-0.020054,0.980636,]}, hip_spine: {[0.998901,0.017334,0.043539,],[-0.044678,0.632622,0.773171,],[-0.014141,-0.774266,0.632702,]}
FRAME: 33 l_knee_foot: {[0.994187,-0.001490,0.107659,],[0.077170,0.707147,-0.702843,],[-0.075084,0.707065,0.703151,]}, l_hip_knee: {[0.675890,-0.735852,0.041162,],[0.736053,0.671133,-0.088349,],[0.037386,0.090011,0.995239,]}, r_knee_foot: {[0.993460,0.113324,-0.013943,],[-0.109861,0.982006,0.153607,],[0.031099,-0.151071,0.988034,]}, r_hip_knee: {[0.686927,0.652324,0.320320,],[-0.725886,0.594690,0.345591,],[0.034946,-0.469911,0.882022,]}, spine_head: {[0.990071,-0.072628,0.120349,],[-0.140563,-0.506147,0.850916,],[-0.000886,-0.859384,-0.511330,]}, l_elbow_hand: {[0.755538,0.386131,-0.529212,],[-0.487141,0.871276,-0.059763,],[0.438014,0.302954,0.846382,]}, l_should_elbow: {[0.687340,0.242000,0.684836,],[-0.211690,0.968674,-0.129836,],[-0.694803,-0.055731,0.717038,]}, r_elbow_hand: {[-0.436873,0.301776,0.847392,],[0.598444,0.800825,0.023336,],[-0.671570,0.517311,-0.530455,]}, r_should_elbow: {[0.871669,-0.071109,0.484910,],[0.099466,0.994495,-0.032963,],[-0.479896,0.076965,0.873943,]}, l_spine_should: {[0.981166,-0.093699,-0.168918,],[0.094053,0.995550,-0.005925,],[0.168721,-0.010074,0.985612,]}, r_spine_should: {[0.950500,0.245076,0.191016,],[-0.244102,0.969316,-0.028991,],[-0.192260,-0.019071,0.981159,]}, hip_spine: {[0.998891,0.017411,0.043750,],[-0.044910,0.631522,0.774056,],[-0.014152,-0.775162,0.631603,]}
