[[-0.03531902655959129, -0.6075973510742188, -0.3158456087112427], [-0.03450257331132889, -0.646064817905426, -0.30259832739830017], [-0.03431449085474014, -0.6466896533966064, -0.30157309770584106], [-0.03461533412337303, -0.6467525362968445, -0.302266389131546], [-0.06517120450735092, -0.6378502249717712, -0.29975149035453796], [-0.0648956298828125, -0.6386512517929077, -0.30080336332321167], [-0.06530251353979111, -0.6398655772209167, -0.30039727687835693], [0.020055433735251427, -0.6416743397712708, -0.20264704525470734], [-0.11696238815784454, -0.6123331785202026, -0.19657114148139954], [-0.006843985058367252, -0.5892821550369263, -0.27888113260269165], [-0.047757796943187714, -0.5774312615394592, -0.2751486003398895], [0.15508075058460236, -0.5045875310897827, -0.13044361770153046], [-0.18162642419338226, -0.4736458957195282, -0.10617518424987793], [0.38597917556762695, -0.48872247338294983, -0.1380099356174469], [-0.3850575089454651, -0.4355960488319397, -0.06519974023103714], [0.6177300810813904, -0.47254762053489685, -0.24432691931724548], [-0.5965171456336975, -0.418588787317276, -0.136002779006958], [0.6783323884010315, -0.45575150847435, -0.2638211250305176], [-0.6424473524093628, -0.405709832906723, -0.1409529149532318], [0.6779939532279968, -0.46364182233810425, -0.30414482951164246], [-0.6568865180015564, -0.4223921597003937, -0.17984680831432343], [0.6295908093452454, -0.46970024704933167, -0.2630700469017029], [-0.6078198552131653, -0.41901132464408875, -0.15734070539474487], [0.11096633225679398, 0.0015987128717824817, -0.008654546923935413], [-0.11174411326646805, -0.001996047794818878, 0.009487754665315151], [0.0832568109035492, 0.38624662160873413, -0.0777219906449318], [-0.09942218661308289, 0.37309500575065613, -0.034607309848070145], [0.14806973934173584, 0.6657178401947021, 0.0913810208439827], [-0.0694941058754921, 0.6568810939788818, 0.17052949965000153], [0.16082312166690826, 0.702292799949646, 0.09863770008087158], [-0.06749200075864792, 0.6960371732711792, 0.18747936189174652], [0.1729149967432022, 0.7210198044776917, -0.01054559089243412], [-0.09529120475053787, 0.7165095806121826, 0.07965616881847382]]
FRAME: 6 r_wrist_index: {[0.999974,-0.006451,-0.003145,],[0.006429,0.999955,-0.006954,],[0.003189,0.006934,0.999971,]}, r_wrist_thumb: {[0.999951,-0.009926,0.000598,],[0.009934,0.999829,-0.015585,],[-0.000443,0.015590,0.999878,]}, r_elbow_wrist: {[0.999968,-0.008044,-0.000291,],[0.008043,0.999961,-0.003697,],[0.000321,0.003695,0.999993,]}, l_hip_should: {[1.000000,0.000107,0.000121,],[-0.000107,0.999999,-0.001094,],[-0.000121,0.001094,0.999999,]}, rl_should: {[0.999998,0.001335,0.001425,],[-0.001335,0.999999,-0.000037,],[-0.001425,0.000035,0.999999,]}, r_should_elbow: {[0.999995,-0.002310,-0.002213,],[0.002309,0.999997,-0.000232,],[0.002214,0.000227,0.999998,]}, l_wrist_pinky: {[0.999892,-0.014550,-0.001851,],[0.014554,0.999892,0.002142,],[0.001819,-0.002169,0.999996,]}, r_wrist_pinky: {[0.999993,-0.003408,0.001807,],[0.003409,0.999994,-0.000595,],[-0.001805,0.000601,0.999998,]}, r_hip_knee: {[0.999984,-0.005604,0.000972,],[0.005603,0.999984,0.000573,],[-0.000975,-0.000567,0.999999,]}, r_knee_ankle: {[0.999991,0.004280,-0.000281,],[-0.004283,0.999919,-0.011996,],[0.000229,0.011997,0.999928,]}, r_ankle_heel: {[0.999976,0.005437,-0.004404,],[-0.005502,0.999871,-0.015061,],[0.004322,0.015085,0.999877,]}, r_ankle_foot: {[0.999972,-0.001151,-0.007407,],[0.000997,0.999784,-0.020784,],[0.007429,0.020776,0.999757,]}, lr_hip: {[0.999993,-0.000524,0.003640,],[0.000524,1.000000,0.000017,],[-0.003640,-0.000015,0.999993,]}, l_hip_knee: {[1.000000,0.000670,-0.000400,],[-0.000674,0.999950,-0.010007,],[0.000394,0.010007,0.999950,]}, l_knee_ankle: {[1.000000,0.000032,-0.000264,],[-0.000033,0.999996,-0.002699,],[0.000264,0.002699,0.999996,]}, l_wrist_index: {[0.999957,-0.008496,-0.003694,],[0.008518,0.999946,0.005962,],[0.003643,-0.005994,0.999975,]}, l_ankle_heel: {[1.000000,-0.000936,-0.000215,],[0.000937,0.999989,0.004619,],[0.000211,-0.004619,0.999989,]}, l_ankle_foot: {[0.999949,-0.004445,0.009081,],[0.004511,0.999963,-0.007271,],[-0.009048,0.007312,0.999932,]}, r_hip_should: {[1.000000,0.000464,-0.000193,],[-0.000465,0.999998,-0.002076,],[0.000192,0.002076,0.999998,]}, l_should_elbow: {[0.999898,0.014182,-0.001412,],[-0.014177,0.999894,0.003219,],[0.001457,-0.003199,0.999994,]}, l_elbow_wrist: {[0.999987,-0.001086,-0.005080,],[0.001090,0.999999,0.000752,],[0.005079,-0.000757,0.999987,]}, l_wrist_thumb: {[0.999935,-0.003925,-0.010737,],[0.003999,0.999968,0.006884,],[0.010710,-0.006926,0.999919,]}
FRAME: 7 r_wrist_index: {[0.999956,-0.009115,0.002367,],[0.009135,0.999922,-0.008566,],[-0.002289,0.008587,0.999961,]}, r_wrist_thumb: {[0.999883,-0.013391,0.007415,],[0.013529,0.999730,-0.018871,],[-0.007161,0.018969,0.999794,]}, r_elbow_wrist: {[0.999875,-0.009638,0.012508,],[0.009679,0.999948,-0.003215,],[-0.012477,0.003335,0.999917,]}, l_hip_should: {[1.000000,0.000138,-0.000994,],[-0.000127,0.999931,0.011797,],[0.000996,-0.011797,0.999930,]}, rl_should: {[0.999995,0.002534,-0.002102,],[-0.002533,0.999997,0.000388,],[0.002103,-0.000383,0.999998,]}, r_should_elbow: {[0.999950,-0.006283,0.007783,],[0.006280,0.999980,0.000416,],[-0.007786,-0.000367,0.999970,]}, l_wrist_pinky: {[0.999786,0.014986,-0.014285,],[-0.014962,0.999886,0.001780,],[0.014310,-0.001566,0.999896,]}, r_wrist_pinky: {[0.999872,-0.015961,-0.000520,],[0.015958,0.999858,-0.005391,],[0.000606,0.005382,0.999985,]}, r_hip_knee: {[0.999994,-0.003366,0.000510,],[0.003365,0.999994,0.001206,],[-0.000514,-0.001204,0.999999,]}, r_knee_ankle: {[0.999987,-0.004648,0.002206,],[0.004600,0.999769,0.020979,],[-0.002303,-0.020968,0.999777,]}, r_ankle_heel: {[0.999942,-0.010299,0.003267,],[0.010249,0.999834,0.015094,],[-0.003422,-0.015060,0.999881,]}, r_ankle_foot: {[0.999974,0.007195,0.000630,],[-0.007210,0.999583,0.027960,],[-0.000429,-0.027963,0.999609,]}, lr_hip: {[0.999995,-0.000494,0.003024,],[0.000494,1.000000,0.000009,],[-0.003024,-0.000007,0.999995,]}, l_hip_knee: {[0.999992,0.003964,-0.000416,],[-0.003965,0.999991,-0.001651,],[0.000409,0.001652,0.999999,]}, l_knee_ankle: {[0.999993,-0.003643,-0.001293,],[0.003663,0.999867,0.015901,],[0.001235,-0.015905,0.999873,]}, l_wrist_index: {[0.999865,0.006421,-0.015092,],[-0.006516,0.999959,-0.006214,],[0.015051,0.006311,0.999867,]}, l_ankle_heel: {[0.999959,-0.008451,-0.003337,],[0.008501,0.999850,0.015073,],[0.003209,-0.015101,0.999881,]}, l_ankle_foot: {[0.999924,-0.012043,-0.002720,],[0.012142,0.999141,0.039615,],[0.002241,-0.039645,0.999211,]}, r_hip_should: {[0.999999,0.000687,0.001560,],[-0.000701,0.999956,0.009300,],[-0.001554,-0.009301,0.999956,]}, l_should_elbow: {[0.999892,0.011256,-0.009494,],[-0.011214,0.999927,0.004475,],[0.009543,-0.004368,0.999945,]}, l_elbow_wrist: {[0.999919,0.007226,-0.010469,],[-0.007244,0.999972,-0.001682,],[0.010457,0.001758,0.999944,]}, l_wrist_thumb: {[0.999937,0.002625,-0.010892,],[-0.002692,0.999978,-0.006069,],[0.010876,0.006098,0.999922,]}
FRAME: 8 r_wrist_index: {[0.999693,-0.024730,0.001270,],[0.024753,0.999400,-0.024232,],[-0.000670,0.024256,0.999706,]}, r_wrist_thumb: {[0.999442,-0.029801,0.015073,],[0.030421,0.998623,-0.042739,],[-0.013779,0.043173,0.998973,]}, r_elbow_wrist: {[0.999733,-0.018500,0.013839,],[0.018600,0.999802,-0.007087,],[-0.013705,0.007342,0.999879,]}, l_hip_should: {[0.999999,0.000356,-0.001202,],[-0.000338,0.999890,0.014800,],[0.001207,-0.014800,0.999890,]}, rl_should: {[0.999997,0.002478,0.000626,],[-0.002478,0.999997,0.000123,],[-0.000626,-0.000125,1.000000,]}, r_should_elbow: {[0.999889,-0.013325,0.006577,],[0.013325,0.999911,0.000143,],[-0.006578,-0.000056,0.999978,]}, l_wrist_pinky: {[0.998893,0.043524,0.017841,],[-0.043353,0.999011,-0.009847,],[-0.018252,0.009062,0.999792,]}, r_wrist_pinky: {[0.999204,-0.036374,-0.016372,],[0.036097,0.999205,-0.016944,],[0.016975,0.016340,0.999722,]}, r_hip_knee: {[0.999997,-0.002307,-0.000200,],[0.002308,0.999971,0.007290,],[0.000184,-0.007290,0.999973,]}, r_knee_ankle: {[0.999985,-0.003927,0.003910,],[0.003824,0.999655,0.025973,],[-0.004010,-0.025957,0.999655,]}, r_ankle_heel: {[0.999936,-0.010075,0.005097,],[0.009971,0.999750,0.020011,],[-0.005297,-0.019959,0.999787,]}, r_ankle_foot: {[0.999990,0.004218,-0.001193,],[-0.004202,0.999908,0.012885,],[0.001247,-0.012879,0.999916,]}, lr_hip: {[0.999991,-0.000567,0.004325,],[0.000567,1.000000,0.000025,],[-0.004325,-0.000023,0.999991,]}, l_hip_knee: {[0.999975,0.007081,-0.000640,],[-0.007081,0.999975,-0.000060,],[0.000639,0.000064,1.000000,]}, l_knee_ankle: {[0.999974,-0.005362,-0.004803,],[0.005342,0.999977,-0.004255,],[0.004826,0.004230,0.999979,]}, l_wrist_index: {[0.999431,0.033738,-0.000238,],[-0.033733,0.999116,-0.025090,],[-0.000609,0.025084,0.999685,]}, l_ankle_heel: {[0.999937,-0.009836,-0.005387,],[0.009748,0.999824,-0.016015,],[0.005543,0.015961,0.999857,]}, l_ankle_foot: {[0.999311,-0.020969,0.030615,],[0.021201,0.999749,-0.007286,],[-0.030454,0.007930,0.999505,]}, r_hip_should: {[0.999997,0.000825,0.002258,],[-0.000856,0.999905,0.013733,],[-0.002247,-0.013734,0.999903,]}, l_should_elbow: {[0.999901,0.011211,0.008511,],[-0.011215,0.999937,0.000328,],[-0.008507,-0.000423,0.999964,]}, l_elbow_wrist: {[0.999709,0.018932,0.014935,],[-0.018818,0.999793,-0.007783,],[-0.015079,0.007499,0.999858,]}, l_wrist_thumb: {[0.999834,0.018045,-0.002669,],[-0.018129,0.999201,-0.035619,],[0.002024,0.035661,0.999362,]}
FRAME: 9 r_wrist_index: {[0.999433,-0.028384,0.018107,],[0.028827,0.999279,-0.024697,],[-0.017393,0.025205,0.999531,]}, r_wrist_thumb: {[0.998838,-0.032964,0.035145,],[0.034409,0.998553,-0.041339,],[-0.033732,0.042500,0.998527,]}, r_elbow_wrist: {[0.999560,-0.017854,0.023674,],[0.017996,0.999821,-0.005827,],[-0.023566,0.006251,0.999703,]}, l_hip_should: {[0.999997,0.000723,-0.002326,],[-0.000656,0.999586,0.028757,],[0.002346,-0.028756,0.999584,]}, rl_should: {[0.999992,0.003949,-0.000161,],[-0.003949,0.999992,0.000308,],[0.000162,-0.000307,1.000000,]}, r_should_elbow: {[0.999683,-0.017202,0.018379,],[0.017186,0.999852,0.001015,],[-0.018393,-0.000698,0.999831,]}, l_wrist_pinky: {[0.998583,0.052960,-0.005236,],[-0.052986,0.998583,-0.004878,],[0.004971,0.005148,0.999974,]}, r_wrist_pinky: {[0.999067,-0.042504,-0.007601,],[0.042375,0.998968,-0.016340,],[0.008287,0.016003,0.999838,]}, r_hip_knee: {[0.999999,-0.001341,-0.000813,],[0.001351,0.999921,0.012492,],[0.000796,-0.012493,0.999922,]}, r_knee_ankle: {[0.999913,-0.008805,0.009841,],[0.008170,0.997998,0.062723,],[-0.010374,-0.062637,0.997983,]}, r_ankle_heel: {[0.999741,-0.017533,0.014507,],[0.016775,0.998566,0.050835,],[-0.015378,-0.050578,0.998602,]}, r_ankle_foot: {[0.999936,0.001523,-0.011176,],[-0.001738,0.999814,-0.019194,],[0.011145,0.019212,0.999753,]}, lr_hip: {[0.999971,-0.000334,0.007660,],[0.000333,1.000000,0.000101,],[-0.007660,-0.000099,0.999971,]}, l_hip_knee: {[0.999899,0.014177,-0.001250,],[-0.014176,0.999899,0.000642,],[0.001259,-0.000625,0.999999,]}, l_knee_ankle: {[0.999992,-0.002507,-0.003105,],[0.002475,0.999946,-0.010135,],[0.003131,0.010127,0.999944,]}, l_wrist_index: {[0.999063,0.037880,-0.020931,],[-0.038498,0.998809,-0.029986,],[0.019770,0.030764,0.999331,]}, l_ankle_heel: {[0.999490,-0.028692,-0.014010,],[0.028537,0.999531,-0.011099,],[0.014322,0.010693,0.999840,]}, l_ankle_foot: {[0.998024,-0.027757,0.056370,],[0.030050,0.998738,-0.040250,],[-0.055182,0.041864,0.997598,]}, r_hip_should: {[0.999991,0.001070,0.004213,],[-0.001181,0.999653,0.026329,],[-0.004183,-0.026333,0.999645,]}, l_should_elbow: {[0.999992,0.003502,0.001974,],[-0.003502,0.999994,0.000267,],[-0.001973,-0.000274,0.999998,]}, l_elbow_wrist: {[0.999641,0.026061,-0.006234,],[-0.026113,0.999623,-0.008479,],[0.006011,0.008638,0.999945,]}, l_wrist_thumb: {[0.999644,0.021263,-0.016086,],[-0.021944,0.998815,-0.043429,],[0.015144,0.043767,0.998927,]}
FRAME: 10 r_wrist_index: {[0.998895,-0.030998,0.035327,],[0.031856,0.999204,-0.024004,],[-0.034555,0.025103,0.999088,]}, r_wrist_thumb: {[0.997866,-0.035963,0.054493,],[0.038159,0.998479,-0.039806,],[-0.052978,0.041801,0.997720,]}, r_elbow_wrist: {[0.999409,-0.017288,0.029703,],[0.017443,0.999835,-0.004980,],[-0.029612,0.005495,0.999546,]}, l_hip_should: {[0.999995,0.001023,-0.003058,],[-0.000906,0.999277,0.038018,],[0.003094,-0.038015,0.999272,]}, rl_should: {[0.999989,0.004770,-0.000505,],[-0.004770,0.999989,0.000402,],[0.000507,-0.000399,1.000000,]}, r_should_elbow: {[0.999526,-0.019870,0.023506,],[0.019843,0.999802,0.001391,],[-0.023529,-0.000924,0.999723,]}, l_wrist_pinky: {[0.997807,0.062352,-0.022209,],[-0.062397,0.998051,-0.001333,],[0.022083,0.002716,0.999752,]}, r_wrist_pinky: {[0.998867,-0.047574,0.001250,],[0.047587,0.998750,-0.015303,],[-0.000520,0.015345,0.999882,]}, r_hip_knee: {[0.999999,-0.000607,-0.001199,],[0.000626,0.999879,0.015547,],[0.001189,-0.015547,0.999878,]}, r_knee_ankle: {[0.999867,-0.011949,0.011118,],[0.011066,0.997019,0.076354,],[-0.011997,-0.076221,0.997019,]}, r_ankle_heel: {[0.999619,-0.022657,0.015775,],[0.021710,0.998091,0.057820,],[-0.017055,-0.057455,0.998202,]}, r_ankle_foot: {[0.999889,-0.000089,-0.014879,],[-0.000403,0.999452,-0.033087,],[0.014874,0.033090,0.999342,]}, lr_hip: {[0.999950,-0.000126,0.010001,],[0.000124,1.000000,0.000158,],[-0.010001,-0.000157,0.999950,]}, l_hip_knee: {[0.999848,0.017376,-0.001507,],[-0.017374,0.999848,0.001365,],[0.001530,-0.001339,0.999998,]}, l_knee_ankle: {[0.999998,-0.001055,-0.001926,],[0.001036,0.999949,-0.010039,],[0.001937,0.010037,0.999948,]}, l_wrist_index: {[0.998521,0.041574,-0.035023,],[-0.042764,0.998508,-0.033953,],[0.033559,0.035401,0.998810,]}, l_ankle_heel: {[0.999126,-0.037661,-0.018109,],[0.037535,0.999269,-0.007240,],[0.018369,0.006554,0.999810,]}, l_ankle_foot: {[0.997717,-0.029055,0.060962,],[0.031862,0.998452,-0.045595,],[-0.059543,0.047433,0.997098,]}, r_hip_should: {[0.999984,0.001288,0.005544,],[-0.001480,0.999394,0.034782,],[-0.005496,-0.034790,0.999380,]}, l_should_elbow: {[0.999997,-0.001506,-0.001956,],[0.001506,0.999999,0.000130,],[0.001955,-0.000133,0.999998,]}, l_elbow_wrist: {[0.999394,0.030177,-0.017348,],[-0.030335,0.999500,-0.008913,],[0.017071,0.009433,0.999810,]}, l_wrist_thumb: {[0.999331,0.025513,-0.026204,],[-0.026876,0.998230,-0.053056,],[0.024804,0.053725,0.998248,]}
FRAME: 11 r_wrist_index: {[0.998359,-0.031543,0.047788,],[0.032629,0.999223,-0.022132,],[-0.047053,0.023655,0.998612,]}, r_wrist_thumb: {[0.996787,-0.037615,0.070711,],[0.040306,0.998502,-0.037012,],[-0.069213,0.039743,0.996810,]}, r_elbow_wrist: {[0.999459,-0.017146,0.028076,],[0.017295,0.999838,-0.005078,],[-0.027984,0.005560,0.999593,]}, l_hip_should: {[0.999992,0.000075,-0.003996,],[0.000108,0.998949,0.045837,],[0.003995,-0.045837,0.998941,]}, rl_should: {[0.999985,0.002261,-0.004993,],[-0.002258,0.999997,0.000644,],[0.004994,-0.000632,0.999987,]}, r_should_elbow: {[0.999339,-0.022143,0.028815,],[0.022100,0.999754,0.001802,],[-0.028848,-0.001163,0.999583,]}, l_wrist_pinky: {[0.994475,0.101751,-0.025824,],[-0.101901,0.994784,-0.004556,],[0.025226,0.007162,0.999656,]}, r_wrist_pinky: {[0.998601,-0.052662,0.004725,],[0.052731,0.998482,-0.015906,],[-0.003880,0.016133,0.999862,]}, r_hip_knee: {[0.999999,-0.000140,-0.001621,],[0.000171,0.999808,0.019603,],[0.001618,-0.019603,0.999807,]}, r_knee_ankle: {[0.999786,-0.017357,0.011219,],[0.016256,0.995653,0.091710,],[-0.012762,-0.091508,0.995723,]}, r_ankle_heel: {[0.999421,-0.029901,0.016214,],[0.028805,0.997530,0.064055,],[-0.018090,-0.063551,0.997815,]}, r_ankle_foot: {[0.999874,-0.000297,-0.015875,],[-0.000275,0.999353,-0.035975,],[0.015875,0.035975,0.999227,]}, lr_hip: {[0.999950,-0.000056,0.010021,],[0.000055,1.000000,0.000164,],[-0.010021,-0.000163,0.999950,]}, l_hip_knee: {[0.999830,0.018357,-0.001533,],[-0.018353,0.999828,0.002786,],[0.001584,-0.002757,0.999995,]}, l_knee_ankle: {[0.999995,-0.002096,-0.002184,],[0.002086,0.999988,-0.004517,],[0.002193,0.004513,0.999987,]}, l_wrist_index: {[0.996606,0.072141,-0.039652,],[-0.074327,0.995619,-0.056728,],[0.035386,0.059482,0.997602,]}, l_ankle_heel: {[0.999097,-0.038283,-0.018415,],[0.038146,0.999242,-0.007712,],[0.018696,0.007003,0.999801,]}, l_ankle_foot: {[0.998440,-0.025453,0.049693,],[0.027132,0.999073,-0.033414,],[-0.048796,0.034710,0.998205,]}, r_hip_should: {[0.999980,0.000979,0.006317,],[-0.001233,0.999181,0.040453,],[-0.006272,-0.040460,0.999161,]}, l_should_elbow: {[0.999471,-0.030856,-0.010323,],[0.030815,0.999517,-0.004111,],[0.010444,0.003791,0.999938,]}, l_elbow_wrist: {[0.998985,0.037847,-0.024409,],[-0.038121,0.999214,-0.010863,],[0.023978,0.011783,0.999643,]}, l_wrist_thumb: {[0.998649,0.045453,-0.025181,],[-0.047600,0.994574,-0.092506,],[0.020840,0.093579,0.995394,]}
FRAME: 12 r_wrist_index: {[0.998477,-0.035273,0.042424,],[0.036433,0.998975,-0.026877,],[-0.041433,0.028382,0.998738,]}, r_wrist_thumb: {[0.996794,-0.042888,0.067550,],[0.046108,0.997837,-0.046854,],[-0.065394,0.049819,0.996615,]}, r_elbow_wrist: {[0.999422,-0.018310,0.028653,],[0.018476,0.999814,-0.005539,],[-0.028546,0.006065,0.999574,]}, l_hip_should: {[0.999990,-0.001495,-0.004190,],[0.001675,0.999061,0.043295,],[0.004122,-0.043301,0.999054,]}, rl_should: {[0.999989,-0.001972,-0.004188,],[0.001973,0.999998,0.000245,],[0.004187,-0.000253,0.999991,]}, r_should_elbow: {[0.999419,-0.024209,0.023995,],[0.024184,0.999707,0.001359,],[-0.024021,-0.000777,0.999711,]}, l_wrist_pinky: {[0.994007,0.108632,0.012190,],[-0.108424,0.993966,-0.016633,],[-0.013923,0.015212,0.999787,]}, r_wrist_pinky: {[0.998598,-0.052929,0.001192,],[0.052942,0.998451,-0.017100,],[-0.000285,0.017139,0.999853,]}, r_hip_knee: {[0.999998,-0.000614,-0.001896,],[0.000659,0.999716,0.023844,],[0.001880,-0.023845,0.999714,]}, r_knee_ankle: {[0.999803,-0.017419,0.009468,],[0.016554,0.996255,0.084863,],[-0.010911,-0.084690,0.996348,]}, r_ankle_heel: {[0.999540,-0.026005,0.015623,],[0.025030,0.997903,0.059689,],[-0.017142,-0.059271,0.998095,]}, r_ankle_foot: {[0.999956,0.002365,-0.009134,],[-0.002472,0.999929,-0.011647,],[0.009106,0.011669,0.999891,]}, lr_hip: {[0.999936,0.000074,0.011285,],[-0.000077,1.000000,0.000196,],[-0.011285,-0.000196,0.999936,]}, l_hip_knee: {[0.999759,0.021846,-0.002114,],[-0.021852,0.999756,-0.003291,],[0.002042,0.003337,0.999992,]}, l_knee_ankle: {[0.999954,-0.003943,-0.008730,],[0.003465,0.998532,-0.054063,],[0.008930,0.054030,0.998499,]}, l_wrist_index: {[0.996139,0.085937,-0.017947,],[-0.086933,0.994084,-0.065118,],[0.012245,0.066427,0.997716,]}, l_ankle_heel: {[0.998953,-0.040742,-0.020795,],[0.039510,0.997616,-0.056583,],[0.023051,0.055702,0.998181,]}, l_ankle_foot: {[0.996836,-0.031850,0.072825,],[0.036287,0.997512,-0.060433,],[-0.070719,0.062885,0.995512,]}, r_hip_should: {[0.999984,-0.000592,0.005581,],[0.000378,0.999263,0.038394,],[-0.005600,-0.038392,0.999247,]}, l_should_elbow: {[0.998998,-0.044216,-0.006899,],[0.044163,0.998996,-0.007571,],[0.007227,0.007259,0.999948,]}, l_elbow_wrist: {[0.999263,0.038276,-0.002866,],[-0.038310,0.999182,-0.012987,],[0.002366,0.013088,0.999912,]}, l_wrist_thumb: {[0.998401,0.055218,-0.012097,],[-0.056214,0.992376,-0.109680,],[0.005948,0.110185,0.993893,]}
FRAME: 13 r_wrist_index: {[0.998538,-0.038678,0.037768,],[0.039864,0.998719,-0.031160,],[-0.036514,0.032620,0.998801,]}, r_wrist_thumb: {[0.996637,-0.046577,0.067417,],[0.050197,0.997330,-0.053034,],[-0.064766,0.056240,0.996314,]}, r_elbow_wrist: {[0.999483,-0.018451,0.026346,],[0.018611,0.999810,-0.005830,],[-0.026233,0.006318,0.999636,]}, l_hip_should: {[0.999987,-0.002588,-0.004322,],[0.002766,0.999134,0.041509,],[0.004211,-0.041520,0.999129,]}, rl_should: {[0.999982,-0.004879,-0.003419,],[0.004879,0.999988,-0.000047,],[0.003419,0.000030,0.999994,]}, r_should_elbow: {[0.999404,-0.025731,0.023021,],[0.025709,0.999669,0.001249,],[-0.023045,-0.000656,0.999734,]}, l_wrist_pinky: {[0.993015,0.116859,0.016271,],[-0.116547,0.993005,-0.018924,],[-0.018369,0.016896,0.999689,]}, r_wrist_pinky: {[0.998412,-0.055776,-0.007919,],[0.055601,0.998234,-0.020904,],[0.009071,0.020430,0.999750,]}, r_hip_knee: {[0.999997,-0.000744,-0.002100,],[0.000800,0.999647,0.026542,],[0.002080,-0.026544,0.999645,]}, r_knee_ankle: {[0.999796,-0.018198,0.008766,],[0.017396,0.996297,0.084205,],[-0.010266,-0.084036,0.996410,]}, r_ankle_heel: {[0.999587,-0.023761,0.016141,],[0.022760,0.997963,0.059597,],[-0.017524,-0.059205,0.998092,]}, r_ankle_foot: {[0.999937,0.004050,-0.010439,],[-0.004137,0.999956,-0.008358,],[0.010405,0.008400,0.999911,]}, lr_hip: {[0.999925,0.000151,0.012267,],[-0.000153,1.000000,0.000218,],[-0.012267,-0.000220,0.999925,]}, l_hip_knee: {[0.999710,0.023968,-0.002350,],[-0.023978,0.999704,-0.004192,],[0.002249,0.004247,0.999988,]}, l_knee_ankle: {[0.999935,-0.005085,-0.010190,],[0.004466,0.998192,-0.059935,],[0.010477,0.059886,0.998150,]}, l_wrist_index: {[0.995347,0.094683,-0.017880,],[-0.095729,0.992833,-0.071546,],[0.010978,0.072925,0.997277,]}, l_ankle_heel: {[0.998815,-0.043420,-0.021979,],[0.042116,0.997503,-0.056684,],[0.024386,0.055691,0.998150,]}, l_ankle_foot: {[0.996340,-0.034762,0.078088,],[0.039697,0.997251,-0.062561,],[-0.075699,0.065432,0.994982,]}, r_hip_should: {[0.999986,-0.001689,0.005082,],[0.001499,0.999313,0.037040,],[-0.005141,-0.037032,0.999301,]}, l_should_elbow: {[0.998573,-0.053392,0.001313,],[0.053403,0.998512,-0.011074,],[-0.000720,0.011128,0.999938,]}, l_elbow_wrist: {[0.999303,0.036775,0.006393,],[-0.036688,0.999238,-0.013309,],[-0.006877,0.013066,0.999891,]}, l_wrist_thumb: {[0.998126,0.060360,-0.010088,],[-0.061133,0.990964,-0.119389,],[0.002790,0.119782,0.992796,]}
FRAME: 14 r_wrist_index: {[0.998328,-0.040582,0.041157,],[0.041929,0.998595,-0.032397,],[-0.039785,0.034068,0.998627,]}, r_wrist_thumb: {[0.996186,-0.046466,0.073850,],[0.050282,0.997448,-0.050682,],[-0.071306,0.054202,0.995981,]}, r_elbow_wrist: {[0.999552,-0.018259,0.023711,],[0.018407,0.999813,-0.006005,],[-0.023597,0.006439,0.999701,]}, l_hip_should: {[0.999986,-0.002894,-0.004322,],[0.003067,0.999171,0.040601,],[0.004201,-0.040613,0.999166,]}, rl_should: {[0.999968,-0.007451,-0.002868,],[0.007450,0.999972,-0.000291,],[0.002870,0.000270,0.999996,]}, r_should_elbow: {[0.999442,-0.025850,0.021134,],[0.025832,0.999666,0.001083,],[-0.021155,-0.000537,0.999776,]}, l_wrist_pinky: {[0.990067,0.140484,0.005614,],[-0.140358,0.989924,-0.018686,],[-0.008183,0.017712,0.999810,]}, r_wrist_pinky: {[0.998180,-0.059197,-0.011484,],[0.058919,0.997994,-0.023179,],[0.012833,0.022461,0.999665,]}, r_hip_knee: {[0.999998,-0.000503,-0.002110,],[0.000558,0.999657,0.026168,],[0.002096,-0.026169,0.999655,]}, r_knee_ankle: {[0.999678,-0.024748,0.005688,],[0.024135,0.995633,0.090179,],[-0.007894,-0.090013,0.995909,]}, r_ankle_heel: {[0.999263,-0.033596,0.018562,],[0.032151,0.996792,0.073292,],[-0.020965,-0.072641,0.997138,]}, r_ankle_foot: {[0.999867,0.006976,-0.014757,],[-0.007083,0.999949,-0.007173,],[0.014706,0.007276,0.999865,]}, lr_hip: {[0.999921,0.000279,0.012584,],[-0.000282,1.000000,0.000234,],[-0.012584,-0.000237,0.999921,]}, l_hip_knee: {[0.999707,0.024093,-0.002337,],[-0.024101,0.999703,-0.003652,],[0.002248,0.003708,0.999991,]}, l_knee_ankle: {[0.999929,-0.006615,-0.009874,],[0.006166,0.998978,-0.044775,],[0.010160,0.044711,0.998948,]}, l_wrist_index: {[0.993472,0.110115,-0.029814,],[-0.112259,0.990143,-0.083750,],[0.020298,0.086550,0.996041,]}, l_ankle_heel: {[0.998285,-0.052654,-0.025582,],[0.051881,0.998203,-0.029998,],[0.027116,0.028619,0.999223,]}, l_ankle_foot: {[0.994052,-0.046009,0.098707,],[0.053125,0.996081,-0.070719,],[-0.095067,0.075542,0.992601,]}, r_hip_should: {[0.999985,-0.002331,0.004858,],[0.002151,0.999324,0.036697,],[-0.004940,-0.036686,0.999315,]}, l_should_elbow: {[0.997589,-0.068954,0.007801,],[0.069068,0.997493,-0.015429,],[-0.006718,0.015931,0.999851,]}, l_elbow_wrist: {[0.999554,0.029168,0.006434,],[-0.029098,0.999520,-0.010654,],[-0.006741,0.010462,0.999923,]}, l_wrist_thumb: {[0.997663,0.066862,-0.014079,],[-0.068142,0.988804,-0.132753,],[0.005045,0.133402,0.991049,]}
FRAME: 15 r_wrist_index: {[0.997770,-0.051516,0.042446,],[0.053340,0.997649,-0.043026,],[-0.040129,0.045194,0.998172,]}, r_wrist_thumb: {[0.995541,-0.054199,0.077207,],[0.059086,0.996295,-0.062488,],[-0.073534,0.066771,0.995055,]}, r_elbow_wrist: {[0.999548,-0.019721,0.022674,],[0.019879,0.999780,-0.006762,],[-0.022536,0.007210,0.999720,]}, l_hip_should: {[0.999983,-0.003653,-0.004473,],[0.003829,0.999191,0.040040,],[0.004323,-0.040056,0.999188,]}, rl_should: {[0.999947,-0.010035,-0.002407,],[0.010034,0.999950,-0.000527,],[0.002412,0.000502,0.999997,]}, r_should_elbow: {[0.999429,-0.026552,0.020905,],[0.026536,0.999647,0.001051,],[-0.020926,-0.000495,0.999781,]}, l_wrist_pinky: {[0.988025,0.154287,0.001077,],[-0.154239,0.987851,-0.018977,],[-0.003992,0.018584,0.999819,]}, r_wrist_pinky: {[0.997225,-0.073559,-0.011466,],[0.073214,0.996921,-0.028062,],[0.013495,0.027145,0.999540,]}, r_hip_knee: {[0.999997,0.000233,-0.002223,],[-0.000175,0.999661,0.026042,],[0.002229,-0.026041,0.999658,]}, r_knee_ankle: {[0.999648,-0.025912,0.005765,],[0.025257,0.995269,0.093823,],[-0.008168,-0.093645,0.995572,]}, r_ankle_heel: {[0.999237,-0.034139,0.018949,],[0.032633,0.996666,0.074775,],[-0.021438,-0.074100,0.997020,]}, r_ankle_foot: {[0.999809,0.008337,-0.017705,],[-0.008491,0.999927,-0.008651,],[0.017631,0.008800,0.999806,]}, lr_hip: {[0.999915,0.000493,0.013010,],[-0.000497,1.000000,0.000258,],[-0.013009,-0.000264,0.999915,]}, l_hip_knee: {[0.999624,0.027281,-0.002630,],[-0.027291,0.999621,-0.003647,],[0.002529,0.003717,0.999990,]}, l_knee_ankle: {[0.999952,-0.005109,-0.008372,],[0.004758,0.999129,-0.041447,],[0.008576,0.041405,0.999106,]}, l_wrist_index: {[0.991919,0.120765,-0.038894,],[-0.123903,0.988003,-0.092181,],[0.027295,0.096255,0.994982,]}, l_ankle_heel: {[0.997973,-0.057318,-0.027664,],[0.056588,0.998046,-0.026501,],[0.029129,0.024882,0.999266,]}, l_ankle_foot: {[0.993939,-0.051970,0.096873,],[0.057279,0.996959,-0.052846,],[-0.093832,0.058075,0.993893,]}, r_hip_should: {[0.999984,-0.003443,0.004549,],[0.003274,0.999324,0.036630,],[-0.004672,-0.036614,0.999319,]}, l_should_elbow: {[0.996638,-0.080875,0.013074,],[0.081112,0.996529,-0.018750,],[-0.011512,0.019747,0.999739,]}, l_elbow_wrist: {[0.999421,0.033030,0.008224,],[-0.032929,0.999384,-0.012163,],[-0.008621,0.011885,0.999892,]}, l_wrist_thumb: {[0.997182,0.072353,-0.019802,],[-0.074462,0.986697,-0.144511,],[0.009082,0.145578,0.989305,]}
FRAME: 16 r_wrist_index: {[0.997389,-0.056270,0.045255,],[0.058400,0.997176,-0.047217,],[-0.042470,0.049737,0.997859,]}, r_wrist_thumb: {[0.994765,-0.058481,0.083805,],[0.064219,0.995652,-0.067481,],[-0.079495,0.072510,0.994195,]}, r_elbow_wrist: {[0.999532,-0.020828,0.022416,],[0.020996,0.999753,-0.007284,],[-0.022258,0.007751,0.999722,]}, l_hip_should: {[0.999980,-0.004265,-0.004625,],[0.004447,0.999192,0.039936,],[0.004451,-0.039956,0.999192,]}, rl_should: {[0.999925,-0.011995,-0.002570,],[0.011993,0.999928,-0.000659,],[0.002578,0.000628,0.999996,]}, r_should_elbow: {[0.999407,-0.027175,0.021157,],[0.027159,0.999631,0.001061,],[-0.021178,-0.000486,0.999776,]}, l_wrist_pinky: {[0.987292,0.158883,-0.003316,],[-0.158917,0.987126,-0.018123,],[0.000394,0.018420,0.999830,]}, r_wrist_pinky: {[0.996598,-0.081754,-0.010471,],[0.081402,0.996213,-0.030540,],[0.012928,0.029584,0.999479,]}, r_hip_knee: {[0.999997,0.001152,-0.002373,],[-0.001090,0.999662,0.025976,],[0.002402,-0.025973,0.999660,]}, r_knee_ankle: {[0.999611,-0.027500,0.004572,],[0.026953,0.995256,0.093483,],[-0.007121,-0.093323,0.995610,]}, r_ankle_heel: {[0.999253,-0.034542,0.017317,],[0.033242,0.996962,0.070442,],[-0.019697,-0.069814,0.997365,]}, r_ankle_foot: {[0.999782,0.009712,-0.018465,],[-0.009813,0.999937,-0.005370,],[0.018412,0.005550,0.999815,]}, lr_hip: {[0.999915,0.000703,0.013013,],[-0.000707,1.000000,0.000275,],[-0.013013,-0.000284,0.999915,]}, l_hip_knee: {[0.999614,0.027662,-0.002658,],[-0.027671,0.999611,-0.003505,],[0.002560,0.003577,0.999990,]}, l_knee_ankle: {[0.999957,-0.004832,-0.007944,],[0.004516,0.999216,-0.039338,],[0.008128,0.039301,0.999194,]}, l_wrist_index: {[0.991516,0.121703,-0.045649,],[-0.125531,0.987689,-0.093337,],[0.033728,0.098276,0.994588,]}, l_ankle_heel: {[0.997945,-0.057699,-0.027855,],[0.056931,0.997996,-0.027612,],[0.029392,0.025969,0.999231,]}, l_ankle_foot: {[0.994328,-0.052762,0.092350,],[0.056920,0.997453,-0.042982,],[-0.089847,0.047995,0.994799,]}, r_hip_should: {[0.999983,-0.003788,0.004472,],[0.003621,0.999318,0.036742,],[-0.004608,-0.036725,0.999315,]}, l_should_elbow: {[0.996060,-0.087385,0.015130,],[0.087684,0.995940,-0.020386,],[-0.013287,0.021633,0.999678,]}, l_elbow_wrist: {[0.999310,0.036453,0.007203,],[-0.036355,0.999251,-0.013270,],[-0.007681,0.012999,0.999886,]}, l_wrist_thumb: {[0.997104,0.071672,-0.025435,],[-0.074605,0.986728,-0.144231,],[0.014760,0.145711,0.989217,]}
FRAME: 17 r_wrist_index: {[0.997875,-0.056628,0.032222,],[0.058199,0.997047,-0.050097,],[-0.029290,0.051866,0.998224,]}, r_wrist_thumb: {[0.995762,-0.058686,0.070807,],[0.063790,0.995355,-0.072113,],[-0.066246,0.076324,0.994880,]}, r_elbow_wrist: {[0.999463,-0.026428,0.019391,],[0.026628,0.999594,-0.010102,],[-0.019116,0.010613,0.999761,]}, l_hip_should: {[0.999984,-0.004344,-0.003740,],[0.004454,0.999543,0.029892,],[0.003608,-0.029908,0.999546,]}, rl_should: {[0.999910,-0.011645,-0.006644,],[0.011643,0.999932,-0.000273,],[0.006647,0.000195,0.999978,]}, r_should_elbow: {[0.999557,-0.026684,0.013199,],[0.026682,0.999644,0.000378,],[-0.013204,-0.000025,0.999913,]}, l_wrist_pinky: {[0.989095,0.144693,-0.027480,],[-0.144979,0.989396,-0.008697,],[0.025930,0.012587,0.999585,]}, r_wrist_pinky: {[0.996604,-0.079675,-0.020776,],[0.078961,0.996326,-0.033167,],[0.023342,0.031414,0.999234,]}, r_hip_knee: {[0.999993,0.002800,-0.002581,],[-0.002735,0.999681,0.025117,],[0.002650,-0.025109,0.999681,]}, r_knee_ankle: {[0.999559,-0.029698,0.000263,],[0.029577,0.996201,0.081904,],[-0.002695,-0.081860,0.996640,]}, r_ankle_heel: {[0.999350,-0.033565,0.013164,],[0.032748,0.997781,0.057974,],[-0.015081,-0.057505,0.998231,]}, r_ankle_foot: {[0.999942,0.008286,-0.006834,],[-0.008183,0.999854,0.015018,],[0.006958,-0.014961,0.999864,]}, lr_hip: {[0.999934,0.000540,0.011453,],[-0.000543,1.000000,0.000236,],[-0.011453,-0.000242,0.999934,]}, l_hip_knee: {[0.999629,0.027117,-0.002578,],[-0.027125,0.999628,-0.002865,],[0.002499,0.002934,0.999993,]}, l_knee_ankle: {[0.999865,-0.012315,-0.010897,],[0.012217,0.999885,-0.009024,],[0.011007,0.008890,0.999900,]}, l_wrist_index: {[0.991967,0.115936,-0.050598,],[-0.120121,0.988717,-0.089491,],[0.039652,0.094850,0.994702,]}, l_ankle_heel: {[0.997548,-0.063227,-0.029999,],[0.063453,0.997963,0.006651,],[0.029518,-0.008538,0.999528,]}, l_ankle_foot: {[0.996349,-0.064780,0.055613,],[0.061752,0.996600,0.054544,],[-0.058957,-0.050911,0.996961,]}, r_hip_should: {[0.999990,-0.003596,0.002651,],[0.003532,0.999704,0.024094,],[-0.002737,-0.024085,0.999706,]}, l_should_elbow: {[0.996129,-0.086644,-0.014853,],[0.086425,0.996148,-0.014824,],[0.016081,0.013483,0.999780,]}, l_elbow_wrist: {[0.999310,0.035943,-0.009407,],[-0.036051,0.999283,-0.011588,],[0.008984,0.011920,0.999889,]}, l_wrist_thumb: {[0.997470,0.064660,-0.029526,],[-0.067996,0.989023,-0.131187,],[0.020720,0.132863,0.990918,]}
FRAME: 18 r_wrist_index: {[0.997964,-0.056657,0.029305,],[0.058092,0.997024,-0.050685,],[-0.026346,0.052284,0.998285,]}, r_wrist_thumb: {[0.995939,-0.057412,0.069357,],[0.062298,0.995568,-0.070458,],[-0.065004,0.074492,0.995101,]}, r_elbow_wrist: {[0.999359,-0.029779,0.019850,],[0.030012,0.999483,-0.011561,],[-0.019495,0.012150,0.999736,]}, l_hip_should: {[0.999983,-0.004431,-0.003745,],[0.004540,0.999549,0.029695,],[0.003611,-0.029712,0.999552,]}, rl_should: {[0.999908,-0.011790,-0.006726,],[0.011789,0.999931,-0.000277,],[0.006729,0.000197,0.999977,]}, r_should_elbow: {[0.999550,-0.027034,0.012995,],[0.027032,0.999634,0.000352,],[-0.013000,-0.000001,0.999915,]}, l_wrist_pinky: {[0.989440,0.139347,-0.039895,],[-0.139623,0.990196,-0.004196,],[0.038919,0.009721,0.999195,]}, r_wrist_pinky: {[0.996434,-0.081592,-0.021511,],[0.080833,0.996145,-0.034070,],[0.024207,0.032210,0.999188,]}, r_hip_knee: {[0.999970,0.007063,-0.003279,],[-0.006980,0.999667,0.024824,],[0.003453,-0.024801,0.999686,]}, r_knee_ankle: {[0.999597,-0.028360,0.001265,],[0.028160,0.996215,0.082237,],[-0.003593,-0.082168,0.996612,]}, r_ankle_heel: {[0.999395,-0.032226,0.013073,],[0.031435,0.997891,0.056788,],[-0.014875,-0.056343,0.998301,]}, r_ankle_foot: {[0.999702,0.016216,-0.018223,],[-0.015884,0.999708,0.018210,],[0.018513,-0.017915,0.999668,]}, lr_hip: {[0.999945,0.000301,0.010455,],[-0.000303,1.000000,0.000200,],[-0.010455,-0.000203,0.999945,]}, l_hip_knee: {[0.999616,0.027583,-0.002611,],[-0.027590,0.999616,-0.002665,],[0.002536,0.002736,0.999993,]}, l_knee_ankle: {[0.999852,-0.013594,-0.010583,],[0.013647,0.999894,0.004979,],[0.010514,-0.005123,0.999932,]}, l_wrist_index: {[0.991774,0.113940,-0.058324,],[-0.118826,0.988954,-0.088598,],[0.047585,0.094800,0.994358,]}, l_ankle_heel: {[0.997484,-0.064132,-0.030223,],[0.064916,0.997559,0.025708,],[0.028500,-0.027605,0.999213,]}, l_ankle_foot: {[0.996985,-0.064123,0.043694,],[0.060660,0.995227,0.076441,],[-0.048387,-0.073560,0.996116,]}, r_hip_should: {[0.999991,-0.003099,0.002812,],[0.003029,0.999700,0.024299,],[-0.002887,-0.024290,0.999701,]}, l_should_elbow: {[0.996119,-0.084830,-0.023457,],[0.084545,0.996336,-0.012890,],[0.024465,0.010857,0.999642,]}, l_elbow_wrist: {[0.999077,0.035831,-0.023705,],[-0.036082,0.999296,-0.010250,],[0.023321,0.011096,0.999666,]}, l_wrist_thumb: {[0.997299,0.063155,-0.037492,],[-0.067519,0.989260,-0.129639,],[0.028902,0.131821,0.990852,]}
FRAME: 19 r_wrist_index: {[0.998125,-0.055366,0.026098,],[0.056620,0.997143,-0.050013,],[-0.023255,0.051396,0.998408,]}, r_wrist_thumb: {[0.996371,-0.055536,0.064502,],[0.059966,0.995819,-0.068912,],[-0.060405,0.072529,0.995535,]}, r_elbow_wrist: {[0.999241,-0.032991,0.020708,],[0.033263,0.999363,-0.012916,],[-0.020269,0.013595,0.999702,]}, l_hip_should: {[0.999983,-0.004449,-0.003675,],[0.004553,0.999573,0.028877,],[0.003545,-0.028893,0.999576,]}, rl_should: {[0.999903,-0.011858,-0.007264,],[0.011856,0.999930,-0.000234,],[0.007266,0.000148,0.999974,]}, r_should_elbow: {[0.999551,-0.027320,0.012334,],[0.027319,0.999627,0.000288,],[-0.012337,0.000049,0.999924,]}, l_wrist_pinky: {[0.990118,0.132329,-0.046420,],[-0.132538,0.991177,-0.001445,],[0.045819,0.007584,0.998921,]}, r_wrist_pinky: {[0.996448,-0.080771,-0.023824,],[0.079926,0.996203,-0.034534,],[0.026523,0.032507,0.999120,]}, r_hip_knee: {[0.999946,0.009730,-0.003701,],[-0.009637,0.999655,0.024451,],[0.003938,-0.024414,0.999694,]}, r_knee_ankle: {[0.999630,-0.027192,0.001079,],[0.027025,0.996578,0.078111,],[-0.003200,-0.078053,0.996944,]}, r_ankle_heel: {[0.999433,-0.031279,0.012460,],[0.030557,0.998052,0.054400,],[-0.014137,-0.053988,0.998441,]}, r_ankle_foot: {[0.999554,0.020207,-0.021980,],[-0.019678,0.999517,0.024034,],[0.022455,-0.023591,0.999469,]}, lr_hip: {[0.999954,0.000045,0.009596,],[-0.000047,1.000000,0.000165,],[-0.009596,-0.000165,0.999954,]}, l_hip_knee: {[0.999614,0.027669,-0.002616,],[-0.027676,0.999614,-0.002612,],[0.002543,0.002684,0.999993,]}, l_knee_ankle: {[0.999839,-0.014560,-0.010499,],[0.014707,0.999793,0.014075,],[0.010292,-0.014227,0.999846,]}, l_wrist_index: {[0.992125,0.109922,-0.060042,],[-0.114843,0.989671,-0.085810,],[0.049989,0.092029,0.994501,]}, l_ankle_heel: {[0.997471,-0.064327,-0.030212,],[0.065383,0.997233,0.035370,],[0.027853,-0.037256,0.998918,]}, l_ankle_foot: {[0.997106,-0.065012,0.039417,],[0.061382,0.994298,0.087196,],[-0.044861,-0.084524,0.995411,]}, r_hip_should: {[0.999993,-0.002355,0.002885,],[0.002287,0.999722,0.023476,],[-0.002940,-0.023469,0.999720,]}, l_should_elbow: {[0.995826,-0.084162,-0.035311,],[0.083837,0.996423,-0.010606,],[0.036077,0.007601,0.999320,]}, l_elbow_wrist: {[0.998718,0.037272,-0.034240,],[-0.037627,0.999244,-0.009766,],[0.033851,0.011042,0.999366,]}, l_wrist_thumb: {[0.997351,0.060246,-0.040767,],[-0.064894,0.990103,-0.124439,],[0.032866,0.126755,0.991389,]}
FRAME: 20 r_wrist_index: {[0.998312,-0.055834,0.015976,],[0.056601,0.997021,-0.052404,],[-0.013003,0.053220,0.998498,]}, r_wrist_thumb: {[0.996958,-0.055537,0.054686,],[0.059417,0.995627,-0.072088,],[-0.050443,0.075118,0.995898,]}, r_elbow_wrist: {[0.999202,-0.033069,0.022433,],[0.033361,0.999362,-0.012771,],[-0.021996,0.013509,0.999667,]}, l_hip_should: {[0.999984,-0.004411,-0.003408,],[0.004498,0.999651,0.026017,],[0.003292,-0.026032,0.999656,]}, rl_should: {[0.999894,-0.011757,-0.008560,],[0.011756,0.999931,-0.000112,],[0.008560,0.000012,0.999963,]}, r_should_elbow: {[0.999560,-0.027113,0.011994,],[0.027112,0.999632,0.000263,],[-0.011996,0.000062,0.999928,]}, l_wrist_pinky: {[0.991430,0.121448,-0.048124,],[-0.121582,0.992581,0.000139,],[0.047784,0.005714,0.998841,]}, r_wrist_pinky: {[0.996366,-0.080444,-0.027990,],[0.079426,0.996199,-0.035766,],[0.030760,0.033413,0.998968,]}, r_hip_knee: {[0.999938,0.010510,-0.003810,],[-0.010415,0.999654,0.024151,],[0.004062,-0.024110,0.999701,]}, r_knee_ankle: {[0.999522,-0.030911,0.000236,],[0.030778,0.995880,0.085300,],[-0.002872,-0.085252,0.996355,]}, r_ankle_heel: {[0.999258,-0.036523,0.012261,],[0.035761,0.997707,0.057456,],[-0.014332,-0.056975,0.998273,]}, r_ankle_foot: {[0.999798,0.017799,-0.009308,],[-0.017378,0.998902,0.043509,],[0.010072,-0.043338,0.999010,]}, lr_hip: {[0.999960,-0.000133,0.008961,],[0.000132,1.000000,0.000140,],[-0.008961,-0.000139,0.999960,]}, l_hip_knee: {[0.999612,0.027739,-0.002673,],[-0.027749,0.999608,-0.003668,],[0.002570,0.003741,0.999990,]}, l_knee_ankle: {[0.999796,-0.017037,-0.010849,],[0.017375,0.999341,0.031870,],[0.010299,-0.032052,0.999433,]}, l_wrist_index: {[0.993162,0.101722,-0.057282,],[-0.106111,0.991159,-0.079657,],[0.048673,0.085190,0.995175,]}, l_ankle_heel: {[0.997492,-0.064156,-0.029883,],[0.065780,0.996205,0.057000,],[0.026113,-0.058823,0.997927,]}, l_ankle_foot: {[0.997745,-0.062607,0.024178,],[0.059508,0.991852,0.112641,],[-0.031033,-0.110948,0.993342,]}, r_hip_should: {[0.999996,-0.001008,0.002707,],[0.000954,0.999801,0.019907,],[-0.002726,-0.019904,0.999798,]}, l_should_elbow: {[0.995962,-0.079202,-0.042277,],[0.078922,0.996847,-0.008249,],[0.042797,0.004879,0.999072,]}, l_elbow_wrist: {[0.998724,0.036592,-0.034818,],[-0.036942,0.999272,-0.009487,],[0.034445,0.010761,0.999349,]}, l_wrist_thumb: {[0.997887,0.052260,-0.038605,],[-0.056165,0.992546,-0.108151,],[0.032665,0.110091,0.993384,]}
