[[-0.026794755831360817, -0.6098508238792419, -0.24890442192554474], [-0.026538971811532974, -0.647068977355957, -0.23827141523361206], [-0.02604077011346817, -0.647906482219696, -0.23781974613666534], [-0.02653077244758606, -0.6485917568206787, -0.2378571629524231], [-0.05749737471342087, -0.6419669389724731, -0.23785871267318726], [-0.056796908378601074, -0.642769455909729, -0.240009605884552], [-0.057343512773513794, -0.6437755227088928, -0.23888112604618073], [0.01786907948553562, -0.6390145421028137, -0.14693495631217957], [-0.10351111739873886, -0.6177883148193359, -0.14402802288532257], [-0.002445562044158578, -0.5908618569374084, -0.21360191702842712], [-0.040276624262332916, -0.5820955038070679, -0.210446298122406], [0.160547137260437, -0.5079972147941589, -0.06758083403110504], [-0.18334195017814636, -0.4741177260875702, -0.04195433109998703], [0.39792731404304504, -0.4845244288444519, -0.10226253420114517], [-0.39992186427116394, -0.45892834663391113, 0.0026191959623247385], [0.6324185132980347, -0.4604511857032776, -0.2131412923336029], [-0.6138016581535339, -0.42244642972946167, -0.09631380438804626], [0.6918473839759827, -0.42528536915779114, -0.2453167587518692], [-0.6506128907203674, -0.39280667901039124, -0.10783925652503967], [0.6888669729232788, -0.43570417165756226, -0.3025006949901581], [-0.657505452632904, -0.4048258066177368, -0.15151096880435944], [0.6441266536712646, -0.4522017240524292, -0.23795375227928162], [-0.6220971345901489, -0.4163156747817993, -0.11888532340526581], [0.11030496656894684, -8.540626004105434e-05, -0.008937845006585121], [-0.11092113703489304, -0.00021322548855096102, 0.009877726435661316], [0.0592428594827652, 0.3819311559200287, -0.07191625982522964], [-0.08829622715711594, 0.3794354498386383, -0.07173357903957367], [0.09330708533525467, 0.6491609215736389, 0.0718894749879837], [-0.015357031486928463, 0.6424711346626282, 0.13241921365261078], [0.10389550775289536, 0.6826158761978149, 0.08127374202013016], [-0.010734351351857185, 0.6750483512878418, 0.15173013508319855], [0.11385027319192886, 0.7018723487854004, 0.05308317393064499], [-0.00801847968250513, 0.7062572240829468, 0.10318730771541595]]
FRAME: 6 r_wrist_index: {[0.999639,0.004636,0.026460,],[-0.004505,0.999977,-0.005014,],[-0.026482,0.004893,0.999637,]}, r_wrist_thumb: {[0.999709,0.006893,0.023127,],[-0.006831,0.999973,-0.002761,],[-0.023146,0.002602,0.999729,]}, r_elbow_wrist: {[0.999948,-0.007313,0.007068,],[0.007342,0.999965,-0.004108,],[-0.007038,0.004160,0.999967,]}, l_hip_should: {[0.999998,-0.000369,-0.001892,],[0.000332,0.999805,-0.019725,],[0.001899,0.019724,0.999804,]}, rl_should: {[0.999991,-0.003717,-0.002209,],[0.003716,0.999993,-0.000511,],[0.002211,0.000503,0.999997,]}, r_should_elbow: {[0.999961,0.000616,0.008787,],[-0.000609,1.000000,-0.000721,],[-0.008788,0.000716,0.999961,]}, l_wrist_pinky: {[0.999568,-0.027537,-0.010272,],[0.027533,0.999621,-0.000527,],[0.010283,0.000244,0.999947,]}, r_wrist_pinky: {[0.999742,0.008842,0.020941,],[-0.008678,0.999931,-0.007917,],[-0.021010,0.007733,0.999749,]}, r_hip_knee: {[1.000000,0.000656,-0.000184,],[-0.000656,0.999997,-0.002172,],[0.000182,0.002172,0.999998,]}, r_knee_ankle: {[0.999995,-0.002276,0.002304,],[0.002293,0.999970,-0.007434,],[-0.002287,0.007439,0.999970,]}, r_ankle_heel: {[0.999992,-0.003708,0.001610,],[0.003711,0.999992,-0.001504,],[-0.001604,0.001510,0.999998,]}, r_ankle_foot: {[0.999178,-0.003737,-0.040363,],[0.007580,0.995402,0.095483,],[0.039821,-0.095711,0.994612,]}, lr_hip: {[0.999995,-0.001405,0.002751,],[0.001405,0.999999,-0.000121,],[-0.002751,0.000124,0.999996,]}, l_hip_knee: {[0.999999,0.001547,0.000761,],[-0.001542,0.999974,-0.007092,],[-0.000772,0.007091,0.999975,]}, l_knee_ankle: {[0.999996,-0.002777,0.000056,],[0.002777,0.999967,0.007606,],[-0.000077,-0.007606,0.999971,]}, l_wrist_index: {[0.999459,-0.022251,-0.024235,],[0.022683,0.999586,0.017710,],[0.023831,-0.018250,0.999549,]}, l_ankle_heel: {[1.000000,0.000172,0.000525,],[-0.000170,0.999990,-0.004464,],[-0.000525,0.004464,0.999990,]}, l_ankle_foot: {[0.998802,-0.048817,-0.003423,],[0.048842,0.998776,0.007855,],[0.003035,-0.008013,0.999963,]}, r_hip_should: {[0.999996,0.001271,0.002549,],[-0.001225,0.999839,-0.017884,],[-0.002571,0.017880,0.999837,]}, l_should_elbow: {[0.999940,0.009655,0.005076,],[-0.009669,0.999950,0.002585,],[-0.005051,-0.002634,0.999984,]}, l_elbow_wrist: {[0.999994,0.000163,-0.003415,],[-0.000165,1.000000,-0.000598,],[0.003415,0.000599,0.999994,]}, l_wrist_thumb: {[0.999715,-0.013929,-0.019396,],[0.014361,0.999647,0.022349,],[0.019078,-0.022621,0.999562,]}
FRAME: 7 r_wrist_index: {[0.998066,0.011657,0.061059,],[-0.011040,0.999885,-0.010434,],[-0.061173,0.009739,0.998080,]}, r_wrist_thumb: {[0.997306,0.021335,0.070184,],[-0.020799,0.999749,-0.008361,],[-0.070345,0.006879,0.997499,]}, r_elbow_wrist: {[0.999653,-0.021494,0.015201,],[0.021670,0.999699,-0.011482,],[-0.014949,0.011808,0.999819,]}, l_hip_should: {[0.999993,-0.001247,-0.003633,],[0.001106,0.999254,-0.038610,],[0.003679,0.038606,0.999248,]}, rl_should: {[0.999987,-0.003576,0.003689,],[0.003576,0.999994,0.000116,],[-0.003689,-0.000103,0.999993,]}, r_should_elbow: {[0.999938,0.002972,0.010724,],[-0.002966,0.999995,-0.000575,],[-0.010725,0.000544,0.999942,]}, l_wrist_pinky: {[0.997213,-0.074605,-0.000995,],[0.074608,0.996950,0.022903,],[-0.000716,-0.022913,0.999737,]}, r_wrist_pinky: {[0.998912,0.021196,0.041535,],[-0.020629,0.999689,-0.014013,],[-0.041819,0.013141,0.999039,]}, r_hip_knee: {[0.999999,0.001378,-0.000640,],[-0.001382,0.999978,-0.006417,],[0.000631,0.006418,0.999979,]}, r_knee_ankle: {[0.999986,0.003885,0.003733,],[-0.003720,0.999060,-0.043200,],[-0.003898,0.043186,0.999060,]}, r_ankle_heel: {[0.999953,0.004450,0.008602,],[-0.004188,0.999535,-0.030194,],[-0.008732,0.030157,0.999507,]}, r_ankle_foot: {[0.995586,0.041284,-0.084291,],[-0.020838,0.972878,0.230380,],[0.091516,-0.227607,0.969443,]}, lr_hip: {[0.999968,-0.003863,0.007021,],[0.003866,0.999992,-0.000324,],[-0.007019,0.000351,0.999975,]}, l_hip_knee: {[0.999998,0.001793,0.000873,],[-0.001786,0.999966,-0.008085,],[-0.000887,0.008083,0.999967,]}, l_knee_ankle: {[0.999996,-0.002586,-0.000551,],[0.002590,0.999954,0.009191,],[0.000528,-0.009192,0.999958,]}, l_wrist_index: {[0.997344,-0.054508,-0.048306,],[0.056882,0.997168,0.049205,],[0.045487,-0.051822,0.997620,]}, l_ankle_heel: {[0.999992,0.001778,-0.003445,],[-0.001722,0.999872,0.015929,],[0.003472,-0.015923,0.999867,]}, l_ankle_foot: {[0.996372,-0.074628,-0.040899,],[0.081044,0.978720,0.188517,],[0.025960,-0.191148,0.981218,]}, r_hip_should: {[0.999979,0.003213,0.005657,],[-0.002983,0.999188,-0.040178,],[-0.005781,0.040160,0.999177,]}, l_should_elbow: {[0.998701,0.019733,0.046974,],[-0.020081,0.999774,0.006938,],[-0.046826,-0.007872,0.998872,]}, l_elbow_wrist: {[0.999821,0.007580,0.017321,],[-0.007570,0.999971,-0.000612,],[-0.017325,0.000481,0.999850,]}, l_wrist_thumb: {[0.998704,-0.032947,-0.038781,],[0.035283,0.997502,0.061192,],[0.036668,-0.062481,0.997372,]}
FRAME: 8 r_wrist_index: {[0.996320,0.014309,0.084504,],[-0.012816,0.999753,-0.018184,],[-0.084743,0.017034,0.996257,]}, r_wrist_thumb: {[0.994041,0.028766,0.105145,],[-0.026603,0.999406,-0.021919,],[-0.105713,0.018991,0.994215,]}, r_elbow_wrist: {[0.999088,-0.030614,0.029769,],[0.031127,0.999372,-0.016942,],[-0.029232,0.017853,0.999413,]}, l_hip_should: {[0.999985,-0.002257,-0.005083,],[0.001974,0.998494,-0.054824,],[0.005199,0.054813,0.998483,]}, rl_should: {[0.999925,-0.004466,-0.011401,],[0.004449,0.999989,-0.001532,],[0.011407,0.001482,0.999934,]}, r_should_elbow: {[0.999886,0.006132,0.013796,],[-0.006126,0.999981,-0.000432,],[-0.013798,0.000348,0.999905,]}, l_wrist_pinky: {[0.997048,-0.075192,-0.015527,],[0.075346,0.997111,0.009570,],[0.014763,-0.010712,0.999834,]}, r_wrist_pinky: {[0.997954,0.028817,0.057069,],[-0.027729,0.999420,-0.019769,],[-0.057606,0.018146,0.998174,]}, r_hip_knee: {[0.999999,0.001381,-0.000702,],[-0.001386,0.999975,-0.006874,],[0.000692,0.006875,0.999976,]}, r_knee_ankle: {[0.999986,0.004297,0.003134,],[-0.004166,0.999166,-0.040606,],[-0.003306,0.040592,0.999170,]}, r_ankle_heel: {[0.999967,0.006172,0.005255,],[-0.006057,0.999747,-0.021683,],[-0.005388,0.021650,0.999751,]}, r_ankle_foot: {[0.994537,0.041225,-0.095898,],[-0.015193,0.966094,0.257743,],[0.103272,-0.254878,0.961443,]}, lr_hip: {[0.999951,-0.006464,0.007537,],[0.006469,0.999979,-0.000546,],[-0.007534,0.000594,0.999971,]}, l_hip_knee: {[0.999996,0.002443,0.001546,],[-0.002416,0.999849,-0.017189,],[-0.001587,0.017185,0.999851,]}, l_knee_ankle: {[0.999993,-0.003053,-0.002088,],[0.003085,0.999869,0.015871,],[0.002039,-0.015878,0.999872,]}, l_wrist_index: {[0.996009,-0.060383,-0.065719,],[0.063641,0.996786,0.048659,],[0.062570,-0.052647,0.996651,]}, l_ankle_heel: {[0.999997,0.001335,-0.002105,],[-0.001317,0.999963,0.008512,],[0.002116,-0.008509,0.999962,]}, l_ankle_foot: {[0.991456,-0.123572,-0.041776,],[0.128771,0.978304,0.162296,],[0.020815,-0.166289,0.985857,]}, r_hip_should: {[0.999972,0.003526,0.006574,],[-0.003216,0.998910,-0.046571,],[-0.006731,0.046548,0.998893,]}, l_should_elbow: {[0.999097,0.026013,0.033587,],[-0.026286,0.999625,0.007725,],[-0.033373,-0.008601,0.999406,]}, l_elbow_wrist: {[0.999952,0.008400,-0.005101,],[-0.008422,0.999955,-0.004348,],[0.005064,0.004391,0.999978,]}, l_wrist_thumb: {[0.997793,-0.037809,-0.054580,],[0.041182,0.997222,0.062063,],[0.052082,-0.064173,0.996579,]}
FRAME: 9 r_wrist_index: {[0.994525,0.019892,0.102594,],[-0.018132,0.999673,-0.018056,],[-0.102919,0.016097,0.994560,]}, r_wrist_thumb: {[0.987589,0.045855,0.150216,],[-0.043151,0.998843,-0.021214,],[-0.151015,0.014469,0.988426,]}, r_elbow_wrist: {[0.999320,-0.026847,0.025276,],[0.027228,0.999519,-0.014827,],[-0.024866,0.015505,0.999571,]}, l_hip_should: {[0.999973,-0.005725,-0.004682,],[0.005456,0.998434,-0.055679,],[0.004993,0.055652,0.998438,]}, rl_should: {[0.999748,-0.006909,-0.021372,],[0.006851,0.999973,-0.002788,],[0.021391,0.002641,0.999768,]}, r_should_elbow: {[0.999875,0.014672,0.005866,],[-0.014682,0.999891,0.001515,],[-0.005843,-0.001601,0.999982,]}, l_wrist_pinky: {[0.998387,-0.054276,-0.016675,],[0.054316,0.998522,0.001950,],[0.016544,-0.002852,0.999859,]}, r_wrist_pinky: {[0.997546,0.034027,0.061183,],[-0.032883,0.999267,-0.019602,],[-0.061805,0.017542,0.997934,]}, r_hip_knee: {[0.999998,-0.001107,-0.001641,],[0.001090,0.999942,-0.010750,],[0.001653,0.010748,0.999941,]}, r_knee_ankle: {[0.999952,0.008777,0.004300,],[-0.008462,0.997620,-0.068427,],[-0.004891,0.068387,0.997647,]}, r_ankle_heel: {[0.999911,0.005292,0.012280,],[-0.004771,0.999101,-0.042121,],[-0.012492,0.042058,0.999037,]}, r_ankle_foot: {[0.993487,0.051926,-0.101424,],[-0.021645,0.959923,0.279428,],[0.111869,-0.275413,0.954795,]}, lr_hip: {[0.999921,-0.011026,0.005967,],[0.011032,0.999939,-0.000947,],[-0.005956,0.001013,0.999982,]}, l_hip_knee: {[0.999965,0.007985,0.002600,],[-0.007945,0.999856,-0.015018,],[-0.002720,0.014997,0.999884,]}, l_knee_ankle: {[0.999985,-0.005487,-0.000082,],[0.005488,0.999863,0.015626,],[-0.000004,-0.015626,0.999878,]}, l_wrist_index: {[0.997408,-0.036606,-0.061944,],[0.037813,0.999115,0.018427,],[0.061215,-0.020721,0.997909,]}, l_ankle_heel: {[0.999986,0.004388,-0.003147,],[-0.004384,0.999989,0.001432,],[0.003153,-0.001418,0.999994,]}, l_ankle_foot: {[0.989874,-0.140526,-0.020066,],[0.141509,0.988035,0.061339,],[0.011207,-0.063557,0.997915,]}, r_hip_should: {[0.999981,0.001653,0.006000,],[-0.001405,0.999153,-0.041137,],[-0.006063,0.041127,0.999136,]}, l_should_elbow: {[0.999375,0.014472,0.032255,],[-0.014643,0.999880,0.005065,],[-0.032177,-0.005534,0.999467,]}, l_elbow_wrist: {[0.999913,0.011001,-0.007302,],[-0.011043,0.999922,-0.005780,],[0.007238,0.005860,0.999957,]}, l_wrist_thumb: {[0.997400,-0.028605,-0.066145,],[0.030192,0.999277,0.023121,],[0.065436,-0.025058,0.997542,]}
FRAME: 10 r_wrist_index: {[0.993597,0.022112,0.110800,],[-0.020173,0.999624,-0.018590,],[-0.111170,0.016236,0.993669,]}, r_wrist_thumb: {[0.982819,0.055202,0.176126,],[-0.052070,0.998393,-0.022354,],[-0.177077,0.012799,0.984114,]}, r_elbow_wrist: {[0.999293,-0.028528,0.024475,],[0.028913,0.999461,-0.015539,],[-0.024019,0.016236,0.999580,]}, l_hip_should: {[0.999959,-0.007746,-0.004615,],[0.007466,0.998292,-0.057949,],[0.005056,0.057912,0.998309,]}, rl_should: {[0.999668,-0.008645,-0.024291,],[0.008568,0.999958,-0.003249,],[0.024318,0.003040,0.999700,]}, r_should_elbow: {[0.999806,0.019029,0.005075,],[-0.019041,0.999816,0.002205,],[-0.005033,-0.002301,0.999985,]}, l_wrist_pinky: {[0.998860,-0.046728,-0.009761,],[0.046787,0.998887,0.005893,],[0.009475,-0.006343,0.999935,]}, r_wrist_pinky: {[0.997163,0.037241,0.065412,],[-0.035964,0.999141,-0.020607,],[-0.066124,0.018196,0.997646,]}, r_hip_knee: {[0.999990,-0.003951,-0.002134,],[0.003927,0.999933,-0.010929,],[0.002177,0.010921,0.999938,]}, r_knee_ankle: {[0.999949,0.009577,0.003107,],[-0.009361,0.997956,-0.063217,],[-0.003706,0.063184,0.997995,]}, r_ankle_heel: {[0.999918,0.001189,0.012740,],[-0.000684,0.999219,-0.039513,],[-0.012777,0.039501,0.999138,]}, r_ankle_foot: {[0.996179,0.029223,-0.082307,],[-0.010745,0.976210,0.216559,],[0.086677,-0.214847,0.972794,]}, lr_hip: {[0.999889,-0.014276,0.004283,],[0.014281,0.999897,-0.001243,],[-0.004265,0.001304,0.999990,]}, l_hip_knee: {[0.999919,0.012258,0.003555,],[-0.012200,0.999800,-0.015848,],[-0.003749,0.015803,0.999868,]}, l_knee_ankle: {[0.999981,-0.006082,0.001044,],[0.006067,0.999892,0.013359,],[-0.001125,-0.013353,0.999910,]}, l_wrist_index: {[0.997841,-0.031497,-0.057633,],[0.032339,0.999383,0.013729,],[0.057165,-0.015564,0.998243,]}, l_ankle_heel: {[0.999997,0.002581,-0.000526,],[-0.002586,0.999960,-0.008511,],[0.000504,0.008512,0.999964,]}, l_ankle_foot: {[0.987035,-0.160161,-0.010486,],[0.160315,0.986935,0.016097,],[0.007771,-0.017569,0.999815,]}, r_hip_should: {[0.999980,0.000904,0.006259,],[-0.000639,0.999108,-0.042217,],[-0.006292,0.042212,0.999089,]}, l_should_elbow: {[0.999315,0.008728,0.035949,],[-0.008876,0.999953,0.003961,],[-0.035912,-0.004277,0.999346,]}, l_elbow_wrist: {[0.999919,0.011870,-0.004664,],[-0.011896,0.999913,-0.005751,],[0.004596,0.005806,0.999973,]}, l_wrist_thumb: {[0.997122,-0.027635,-0.070599,],[0.028821,0.999459,0.015827,],[0.070123,-0.017817,0.997379,]}
FRAME: 11 r_wrist_index: {[0.992881,0.021585,0.117141,],[-0.019004,0.999552,-0.023104,],[-0.117588,0.020713,0.992846,]}, r_wrist_thumb: {[0.981930,0.056777,0.180527,],[-0.053568,0.998308,-0.022606,],[-0.181505,0.012528,0.983310,]}, r_elbow_wrist: {[0.998535,-0.045077,0.029940,],[0.045791,0.998672,-0.023628,],[-0.028836,0.024965,0.999272,]}, l_hip_should: {[0.999937,-0.009521,-0.005918,],[0.009055,0.997185,-0.074428,],[0.006610,0.074370,0.997209,]}, rl_should: {[0.999736,-0.007399,-0.021752,],[0.007338,0.999969,-0.002870,],[0.021773,0.002710,0.999759,]}, r_should_elbow: {[0.999619,0.018665,0.020313,],[-0.018682,0.999825,0.000614,],[-0.020298,-0.000993,0.999794,]}, l_wrist_pinky: {[0.997427,-0.068217,-0.022044,],[0.068262,0.997667,0.001317,],[0.021903,-0.002818,0.999756,]}, r_wrist_pinky: {[0.996024,0.040154,0.079528,],[-0.038013,0.998878,-0.028254,],[-0.080573,0.025119,0.996432,]}, r_hip_knee: {[0.999989,-0.004287,-0.002028,],[0.004267,0.999944,-0.009718,],[0.002070,0.009709,0.999951,]}, r_knee_ankle: {[0.999958,0.008632,0.003133,],[-0.008432,0.998207,-0.059265,],[-0.003639,0.059237,0.998237,]}, r_ankle_heel: {[0.999916,0.001029,0.012894,],[-0.000515,0.999207,-0.039820,],[-0.012925,0.039810,0.999124,]}, r_ankle_foot: {[0.981146,0.057520,-0.184508,],[0.035433,0.884964,0.464309,],[0.189990,-0.462093,0.866241,]}, lr_hip: {[0.999872,-0.015445,0.004215,],[0.015451,0.999880,-0.001345,],[-0.004194,0.001410,0.999990,]}, l_hip_knee: {[0.999851,0.016631,0.004660,],[-0.016538,0.999678,-0.019273,],[-0.004979,0.019193,0.999803,]}, l_knee_ankle: {[0.999959,-0.008616,0.002630,],[0.008576,0.999853,0.014860,],[-0.002758,-0.014837,0.999886,]}, l_wrist_index: {[0.995472,-0.053582,-0.078507,],[0.056318,0.997866,0.033050,],[0.076569,-0.037322,0.996365,]}, l_ankle_heel: {[0.999999,-0.001128,0.001074,],[0.001131,0.999997,-0.002192,],[-0.001072,0.002193,0.999997,]}, l_ankle_foot: {[0.979545,-0.196594,-0.042928,],[0.200599,0.970844,0.131230,],[0.015877,-0.137157,0.990422,]}, r_hip_should: {[0.999957,0.000429,0.009232,],[0.000139,0.998111,-0.061433,],[-0.009241,0.061432,0.998068,]}, l_should_elbow: {[0.999376,0.011966,0.033230,],[-0.012124,0.999916,0.004549,],[-0.033173,-0.004949,0.999437,]}, l_elbow_wrist: {[0.999575,0.022019,-0.019118,],[-0.022254,0.999678,-0.012157,],[0.018844,0.012577,0.999743,]}, l_wrist_thumb: {[0.996368,-0.037731,-0.076335,],[0.041010,0.998282,0.041850,],[0.074625,-0.044828,0.996204,]}
FRAME: 12 r_wrist_index: {[0.992090,0.027047,0.122580,],[-0.025248,0.999550,-0.016202,],[-0.122963,0.012979,0.992326,]}, r_wrist_thumb: {[0.977519,0.065787,0.200321,],[-0.063439,0.997821,-0.018128,],[-0.201077,0.005012,0.979563,]}, r_elbow_wrist: {[0.998520,-0.048965,0.023670,],[0.049554,0.998460,-0.024951,],[-0.022411,0.026087,0.999408,]}, l_hip_should: {[0.999929,-0.010515,-0.005677,],[0.010070,0.997248,-0.073450,],[0.006434,0.073388,0.997283,]}, rl_should: {[0.999798,-0.007566,-0.018642,],[0.007520,0.999968,-0.002554,],[0.018661,0.002414,0.999823,]}, r_should_elbow: {[0.999885,0.011959,0.009341,],[-0.011967,0.999928,0.000795,],[-0.009331,-0.000907,0.999956,]}, l_wrist_pinky: {[0.997399,-0.071944,0.004410,],[0.071799,0.997053,0.027025,],[-0.006342,-0.026638,0.999625,]}, r_wrist_pinky: {[0.995834,0.045541,0.078997,],[-0.043688,0.998732,-0.025032,],[-0.080036,0.021477,0.996561,]}, r_hip_knee: {[0.999987,-0.004749,-0.002050,],[0.004730,0.999946,-0.009305,],[0.002094,0.009295,0.999955,]}, r_knee_ankle: {[0.999964,0.008108,0.002305,],[-0.007981,0.998671,-0.050908,],[-0.002715,0.050888,0.998701,]}, r_ankle_heel: {[0.999939,0.003120,0.010611,],[-0.002747,0.999384,-0.034981,],[-0.010714,0.034950,0.999332,]}, r_ankle_foot: {[0.986776,0.042850,-0.156326,],[0.022371,0.919194,0.393169,],[0.160541,-0.391467,0.906080,]}, lr_hip: {[0.999857,-0.016250,0.004637,],[0.016256,0.999867,-0.001412,],[-0.004613,0.001487,0.999988,]}, l_hip_knee: {[0.999854,0.016487,0.004540,],[-0.016406,0.999712,-0.017514,],[-0.004827,0.017437,0.999836,]}, l_knee_ankle: {[0.999983,-0.005380,-0.002369,],[0.005433,0.999713,0.023314,],[0.002243,-0.023326,0.999725,]}, l_wrist_index: {[0.996122,-0.068511,-0.055196,],[0.072047,0.995291,0.064846,],[0.050493,-0.068571,0.996368,]}, l_ankle_heel: {[0.999996,0.001765,-0.002401,],[-0.001744,0.999962,0.008584,],[0.002416,-0.008580,0.999960,]}, l_ankle_foot: {[0.976837,-0.206910,-0.054561,],[0.213264,0.962259,0.169043,],[0.017525,-0.176763,0.984097,]}, r_hip_should: {[0.999956,0.000578,0.009344,],[0.000005,0.998057,-0.062308,],[-0.009362,0.062306,0.998013,]}, l_should_elbow: {[0.998587,0.019636,0.049374,],[-0.020007,0.999775,0.007029,],[-0.049225,-0.008007,0.998756,]}, l_elbow_wrist: {[0.999461,0.026520,0.019354,],[-0.026359,0.999616,-0.008509,],[-0.019572,0.007994,0.999776,]}, l_wrist_thumb: {[0.996651,-0.046630,-0.067181,],[0.051852,0.995588,0.078205,],[0.063238,-0.081426,0.994671,]}
FRAME: 13 r_wrist_index: {[0.991971,0.027736,0.123389,],[-0.026032,0.999543,-0.015396,],[-0.123759,0.012061,0.992239,]}, r_wrist_thumb: {[0.975139,0.068636,0.210696,],[-0.065609,0.997617,-0.021334,],[-0.211658,0.006981,0.977319,]}, r_elbow_wrist: {[0.998520,-0.050141,0.021076,],[0.050669,0.998395,-0.025304,],[-0.019773,0.026334,0.999458,]}, l_hip_should: {[0.999920,-0.011313,-0.005694,],[0.010855,0.997132,-0.074897,],[0.006525,0.074829,0.997175,]}, rl_should: {[0.999802,-0.007441,-0.018449,],[0.007395,0.999969,-0.002523,],[0.018467,0.002386,0.999827,]}, r_should_elbow: {[0.999963,0.008297,0.002200,],[-0.008299,0.999965,0.000974,],[-0.002192,-0.000992,0.999997,]}, l_wrist_pinky: {[0.997326,-0.071996,0.012544,],[0.071527,0.996840,0.034547,],[-0.014992,-0.033558,0.999324,]}, r_wrist_pinky: {[0.995990,0.045741,0.076889,],[-0.044050,0.998752,-0.023538,],[-0.077870,0.020057,0.996762,]}, r_hip_knee: {[0.999983,-0.005408,-0.002111,],[0.005389,0.999945,-0.008947,],[0.002159,0.008935,0.999958,]}, r_knee_ankle: {[0.999965,0.008212,0.001576,],[-0.008131,0.998909,-0.045987,],[-0.001952,0.045972,0.998941,]}, r_ankle_heel: {[0.999946,0.005034,0.009086,],[-0.004738,0.999470,-0.032220,],[-0.009243,0.032175,0.999440,]}, r_ankle_foot: {[0.990088,0.023710,-0.138431,],[0.024772,0.940714,0.338294,],[0.138245,-0.338370,0.930803,]}, lr_hip: {[0.999845,-0.016948,0.004808,],[0.016956,0.999855,-0.001471,],[-0.004783,0.001552,0.999987,]}, l_hip_knee: {[0.999849,0.016767,0.004593,],[-0.016685,0.999709,-0.017404,],[-0.004884,0.017324,0.999838,]}, l_knee_ankle: {[0.999985,-0.001261,-0.005264,],[0.001377,0.999756,0.022065,],[0.005235,-0.022072,0.999743,]}, l_wrist_index: {[0.996099,-0.073919,-0.048188,],[0.077428,0.994130,0.075568,],[0.042319,-0.079004,0.995976,]}, l_ankle_heel: {[0.999977,0.005209,-0.004386,],[-0.005181,0.999966,0.006379,],[0.004419,-0.006356,0.999970,]}, l_ankle_foot: {[0.975395,-0.216081,-0.043755,],[0.219950,0.967324,0.126116,],[0.015074,-0.132636,0.991050,]}, r_hip_should: {[0.999954,0.000504,0.009590,],[0.000109,0.997959,-0.063860,],[-0.009603,0.063858,0.997913,]}, l_should_elbow: {[0.998081,0.024326,0.056937,],[-0.024843,0.999656,0.008385,],[-0.056714,-0.009783,0.998343,]}, l_elbow_wrist: {[0.999101,0.026809,0.032838,],[-0.026602,0.999623,-0.006721,],[-0.033006,0.005842,0.999438,]}, l_wrist_thumb: {[0.996610,-0.050166,-0.065201,],[0.056003,0.994274,0.091013,],[0.060262,-0.094356,0.993713,]}
FRAME: 14 r_wrist_index: {[0.993976,0.026264,0.106401,],[-0.025490,0.999638,-0.008628,],[-0.106589,0.005863,0.994286,]}, r_wrist_thumb: {[0.975370,0.068547,0.209654,],[-0.065723,0.997629,-0.020416,],[-0.210556,0.006134,0.977562,]}, r_elbow_wrist: {[0.998756,-0.048036,0.013390,],[0.048344,0.998548,-0.023749,],[-0.012230,0.024367,0.999628,]}, l_hip_should: {[0.999926,-0.010978,-0.005204,],[0.010592,0.997552,-0.069127,],[0.005950,0.069067,0.997594,]}, rl_should: {[0.999830,-0.006751,-0.017138,],[0.006713,0.999975,-0.002326,],[0.017153,0.002210,0.999851,]}, r_should_elbow: {[0.999967,-0.000762,-0.008095,],[0.000767,1.000000,0.000630,],[0.008094,-0.000636,0.999967,]}, l_wrist_pinky: {[0.997241,-0.058446,0.045773,],[0.055658,0.996646,0.059985,],[-0.049126,-0.057272,0.997149,]}, r_wrist_pinky: {[0.997642,0.038926,0.056522,],[-0.038196,0.999173,-0.013929,],[-0.057018,0.011737,0.998304,]}, r_hip_knee: {[0.999968,-0.007454,-0.002972,],[0.007415,0.999889,-0.012907,],[0.003068,0.012885,0.999912,]}, r_knee_ankle: {[0.999925,-0.002979,0.011897,],[0.003827,0.997407,-0.071870,],[-0.011652,0.071911,0.997343,]}, r_ankle_heel: {[0.999629,-0.006309,0.026481,],[0.008222,0.997316,-0.072752,],[-0.025951,0.072943,0.996998,]}, r_ankle_foot: {[0.998778,-0.047293,-0.014350,],[0.047478,0.998789,0.012878,],[0.013724,-0.013543,0.999814,]}, lr_hip: {[0.999828,-0.017459,0.006311,],[0.017468,0.999846,-0.001501,],[-0.006284,0.001611,0.999979,]}, l_hip_knee: {[0.999919,0.012426,0.002861,],[-0.012420,0.999921,-0.002138,],[-0.002887,0.002102,0.999994,]}, l_knee_ankle: {[0.999920,0.002826,-0.012353,],[-0.002380,0.999349,0.036005,],[0.012447,-0.035973,0.999275,]}, l_wrist_index: {[0.997212,-0.070776,-0.023623,],[0.072505,0.993922,0.082839,],[0.017616,-0.084321,0.996283,]}, l_ankle_heel: {[0.999930,0.010104,-0.006223,],[-0.010130,0.999940,-0.004106,],[0.006181,0.004169,0.999972,]}, l_ankle_foot: {[0.986595,-0.163085,-0.005763,],[0.163065,0.986608,-0.003775,],[0.006301,0.002785,0.999976,]}, r_hip_should: {[0.999962,0.001926,0.008511,],[-0.001429,0.998314,-0.058030,],[-0.008608,0.058016,0.998279,]}, l_should_elbow: {[0.997501,0.028950,0.064452,],[-0.029634,0.999514,0.009691,],[-0.064140,-0.011577,0.997874,]}, l_elbow_wrist: {[0.998039,0.018012,0.059946,],[-0.018107,0.999836,0.001040,],[-0.059918,-0.002123,0.998201,]}, l_wrist_thumb: {[0.996937,-0.049738,-0.060355,],[0.055275,0.994051,0.093843,],[0.055328,-0.096891,0.993756,]}
FRAME: 15 r_wrist_index: {[0.993707,0.029151,0.108152,],[-0.028850,0.999574,-0.004344,],[-0.108232,0.001196,0.994125,]}, r_wrist_thumb: {[0.972455,0.074847,0.220749,],[-0.073577,0.997191,-0.013984,],[-0.221176,-0.002643,0.975230,]}, r_elbow_wrist: {[0.998890,-0.044317,0.015974,],[0.044667,0.998755,-0.022207,],[-0.014970,0.022896,0.999626,]}, l_hip_should: {[0.999914,-0.011945,-0.005479,],[0.011509,0.997221,-0.073608,],[0.006343,0.073538,0.997272,]}, rl_should: {[0.999944,-0.006028,-0.008702,],[0.006016,0.999981,-0.001374,],[0.008710,0.001322,0.999961,]}, r_should_elbow: {[0.999948,0.000641,-0.010191,],[-0.000630,0.999999,0.001028,],[0.010192,-0.001022,0.999948,]}, l_wrist_pinky: {[0.996318,-0.073048,0.044878,],[0.070078,0.995452,0.064525,],[-0.049387,-0.061142,0.996906,]}, r_wrist_pinky: {[0.997482,0.040892,0.057949,],[-0.040157,0.999098,-0.013782,],[-0.058460,0.011420,0.998224,]}, r_hip_knee: {[0.999915,-0.012549,-0.003451,],[0.012513,0.999870,-0.010153,],[0.003578,0.010109,0.999942,]}, r_knee_ankle: {[0.999929,-0.003166,0.011515,],[0.003947,0.997645,-0.068472,],[-0.011271,0.068512,0.997587,]}, r_ankle_heel: {[0.999694,-0.008763,0.023140,],[0.010151,0.998113,-0.060563,],[-0.022566,0.060779,0.997896,]}, r_ankle_foot: {[0.998761,-0.049695,-0.002482,],[0.049652,0.998650,-0.015239,],[0.003236,0.015097,0.999881,]}, lr_hip: {[0.999804,-0.018175,0.007896,],[0.018188,0.999833,-0.001546,],[-0.007866,0.001690,0.999968,]}, l_hip_knee: {[0.999922,0.012173,0.002762,],[-0.012169,0.999925,-0.001341,],[-0.002779,0.001307,0.999995,]}, l_knee_ankle: {[0.999897,0.005464,-0.013253,],[-0.005040,0.999481,0.031819,],[0.013420,-0.031749,0.999406,]}, l_wrist_index: {[0.995970,-0.085342,-0.027584,],[0.087709,0.991037,0.100756,],[0.018738,-0.102769,0.994529,]}, l_ankle_heel: {[0.999823,0.016319,-0.009342,],[-0.016432,0.999791,-0.012177,],[0.009142,0.012329,0.999882,]}, l_ankle_foot: {[0.989518,-0.144404,-0.000757,],[0.144353,0.989284,-0.021905,],[0.003912,0.021567,0.999760,]}, r_hip_should: {[0.999948,0.002284,0.009939,],[-0.001605,0.997696,-0.067822,],[-0.010071,0.067802,0.997648,]}, l_should_elbow: {[0.995869,0.035958,0.083381,],[-0.037076,0.999242,0.011901,],[-0.082890,-0.014944,0.996447,]}, l_elbow_wrist: {[0.997438,0.012614,0.070421,],[-0.012998,0.999903,0.004985,],[-0.070351,-0.005888,0.997505,]}, l_wrist_thumb: {[0.996273,-0.059884,-0.062081,],[0.067238,0.989991,0.124085,],[0.054029,-0.127797,0.990328,]}
FRAME: 16 r_wrist_index: {[0.993783,0.030469,0.107089,],[-0.030498,0.999534,-0.001364,],[-0.107080,-0.001910,0.994249,]}, r_wrist_thumb: {[0.970937,0.078360,0.226142,],[-0.078272,0.996888,-0.009370,],[-0.226172,-0.008603,0.974049,]}, r_elbow_wrist: {[0.998933,-0.042061,0.019089,],[0.042467,0.998869,-0.021395,],[-0.018168,0.022183,0.999589,]}, l_hip_should: {[0.999901,-0.012982,-0.005454,],[0.012537,0.997104,-0.075003,],[0.006412,0.074927,0.997168,]}, rl_should: {[0.999975,-0.005143,-0.004885,],[0.005139,0.999986,-0.000902,],[0.004890,0.000877,0.999988,]}, r_should_elbow: {[0.999935,0.001238,-0.011352,],[-0.001224,0.999999,0.001223,],[0.011354,-0.001209,0.999935,]}, l_wrist_pinky: {[0.996056,-0.078900,0.040578,],[0.076268,0.995111,0.062751,],[-0.045331,-0.059409,0.997204,]}, r_wrist_pinky: {[0.997628,0.039952,0.056058,],[-0.039279,0.999143,-0.013068,],[-0.056532,0.010835,0.998342,]}, r_hip_knee: {[0.999834,-0.017795,-0.003994,],[0.017765,0.999813,-0.007599,],[0.004129,0.007527,0.999963,]}, r_knee_ankle: {[0.999925,-0.003432,0.011758,],[0.004235,0.997605,-0.069040,],[-0.011493,0.069085,0.997545,]}, r_ankle_heel: {[0.999769,-0.008131,0.019879,],[0.009148,0.998624,-0.051638,],[-0.019432,0.051808,0.998468,]}, r_ankle_foot: {[0.998351,-0.056975,-0.007086,],[0.056920,0.998349,-0.007750,],[0.007516,0.007334,0.999945,]}, lr_hip: {[0.999783,-0.018820,0.008969,],[0.018835,0.999821,-0.001590,],[-0.008937,0.001759,0.999959,]}, l_hip_knee: {[0.999926,0.011848,0.002670,],[-0.011846,0.999929,-0.000951,],[-0.002681,0.000920,0.999996,]}, l_knee_ankle: {[0.999840,0.009106,-0.015419,],[-0.008651,0.999532,0.029350,],[0.015679,-0.029212,0.999450,]}, l_wrist_index: {[0.995205,-0.092445,-0.031966,],[0.095400,0.989516,0.108426,],[0.021607,-0.110955,0.993590,]}, l_ankle_heel: {[0.999643,0.023206,-0.013242,],[-0.023447,0.999558,-0.018271,],[0.012812,0.018575,0.999745,]}, l_ankle_foot: {[0.993528,-0.113542,0.003089,],[0.113580,0.992902,-0.035274,],[0.000938,0.035397,0.999373,]}, r_hip_should: {[0.999942,0.002539,0.010442,],[-0.001788,0.997447,-0.071391,],[-0.010596,0.071368,0.997394,]}, l_should_elbow: {[0.995317,0.039574,0.088187,],[-0.040859,0.999083,0.012807,],[-0.087600,-0.016350,0.996021,]}, l_elbow_wrist: {[0.997489,0.008678,0.070292,],[-0.009176,0.999935,0.006756,],[-0.070229,-0.007384,0.997504,]}, l_wrist_thumb: {[0.995702,-0.064860,-0.066111,],[0.073415,0.987917,0.136492,],[0.056459,-0.140759,0.988433,]}
FRAME: 17 r_wrist_index: {[0.994313,0.027605,0.102855,],[-0.027312,0.999618,-0.004257,],[-0.102933,0.001424,0.994687,]}, r_wrist_thumb: {[0.970403,0.077649,0.228668,],[-0.076353,0.996975,-0.014525,],[-0.229104,-0.003364,0.973396,]}, r_elbow_wrist: {[0.999135,-0.039180,0.013912,],[0.039450,0.999028,-0.019647,],[-0.013128,0.020179,0.999710,]}, l_hip_should: {[0.999892,-0.013720,-0.005227,],[0.013298,0.997189,-0.073737,],[0.006224,0.073659,0.997264,]}, rl_should: {[0.999985,-0.004902,-0.002312,],[0.004900,0.999988,-0.000613,],[0.002315,0.000601,0.999997,]}, r_should_elbow: {[0.999880,0.001785,-0.015364,],[-0.001759,0.999997,0.001675,],[0.015367,-0.001648,0.999881,]}, l_wrist_pinky: {[0.995847,-0.074169,0.052797,],[0.070275,0.994916,0.072136,],[-0.057879,-0.068126,0.995996,]}, r_wrist_pinky: {[0.998329,0.033484,0.047099,],[-0.033009,0.999396,-0.010830,],[-0.047434,0.009257,0.998832,]}, r_hip_knee: {[0.999798,-0.019052,-0.006382,],[0.018887,0.999510,-0.024968,],[0.006855,0.024842,0.999668,]}, r_knee_ankle: {[0.999614,-0.017090,0.021927,],[0.018819,0.996517,-0.081239,],[-0.020462,0.081621,0.996453,]}, r_ankle_heel: {[0.999279,-0.020971,0.031661,],[0.023240,0.997055,-0.073088,],[-0.030035,0.073771,0.996823,]}, r_ankle_foot: {[0.999254,-0.033930,0.018460,],[0.034946,0.997717,-0.057794,],[-0.016457,0.058396,0.998158,]}, lr_hip: {[0.999669,-0.019445,0.016814,],[0.019474,0.999809,-0.001559,],[-0.016781,0.001885,0.999857,]}, l_hip_knee: {[0.999968,0.007961,0.000970,],[-0.007974,0.999868,0.014150,],[-0.000858,-0.014157,0.999899,]}, l_knee_ankle: {[0.999632,0.011770,-0.024455,],[-0.010400,0.998411,0.055388,],[0.025068,-0.055113,0.998165,]}, l_wrist_index: {[0.995552,-0.091764,-0.021329,],[0.093590,0.989251,0.112348,],[0.010790,-0.113845,0.993440,]}, l_ankle_heel: {[0.999629,0.022319,-0.015628,],[-0.022240,0.999739,0.005192,],[0.015739,-0.004842,0.999864,]}, l_ankle_foot: {[0.996876,-0.078870,-0.004236,],[0.078892,0.996870,0.005192,],[0.003814,-0.005510,0.999978,]}, r_hip_should: {[0.999947,0.001899,0.010069,],[-0.001207,0.997663,-0.068317,],[-0.010175,0.068302,0.997613,]}, l_should_elbow: {[0.994206,0.038139,0.100499,],[-0.039641,0.999130,0.012989,],[-0.099916,-0.016898,0.994852,]}, l_elbow_wrist: {[0.996791,0.006941,0.079745,],[-0.007677,0.999931,0.008930,],[-0.079677,-0.009513,0.996775,]}, l_wrist_thumb: {[0.996225,-0.059476,-0.063227,],[0.066856,0.990292,0.121870,],[0.055365,-0.125637,0.990530,]}
FRAME: 18 r_wrist_index: {[0.994771,0.029156,0.097875,],[-0.029419,0.999566,0.001245,],[-0.097797,-0.004118,0.995198,]}, r_wrist_thumb: {[0.971103,0.078410,0.225414,],[-0.078548,0.996875,-0.008372,],[-0.225366,-0.009576,0.974227,]}, r_elbow_wrist: {[0.999209,-0.037938,0.011925,],[0.038159,0.999093,-0.018910,],[-0.011197,0.019350,0.999750,]}, l_hip_should: {[0.999891,-0.013850,-0.005086,],[0.013445,0.997284,-0.072418,],[0.006075,0.072341,0.997361,]}, rl_should: {[0.999971,-0.005949,-0.004728,],[0.005945,0.999982,-0.000948,],[0.004734,0.000920,0.999988,]}, r_should_elbow: {[0.999790,0.005017,-0.019890,],[-0.004966,0.999984,0.002586,],[0.019902,-0.002487,0.999799,]}, l_wrist_pinky: {[0.996755,-0.065401,0.046930,],[0.062360,0.996027,0.063570,],[-0.050902,-0.060437,0.996873,]}, r_wrist_pinky: {[0.998462,0.037266,0.041045,],[-0.037097,0.999300,-0.004864,],[-0.041198,0.003334,0.999146,]}, r_hip_knee: {[0.999768,-0.020383,-0.006934,],[0.020184,0.999412,-0.027713,],[0.007495,0.027566,0.999592,]}, r_knee_ankle: {[0.999494,-0.021027,0.023854,],[0.022833,0.996681,-0.078143,],[-0.022132,0.078649,0.996657,]}, r_ankle_heel: {[0.999208,-0.023892,0.031833,],[0.026095,0.997155,-0.070711,],[-0.030053,0.071485,0.996989,]}, r_ankle_foot: {[0.998294,-0.047186,0.034380,],[0.050388,0.993797,-0.099143,],[-0.029488,0.100706,0.994479,]}, lr_hip: {[0.999663,-0.020244,0.016229,],[0.020273,0.999793,-0.001630,],[-0.016193,0.001958,0.999867,]}, l_hip_knee: {[0.999969,0.007761,0.000906,],[-0.007773,0.999865,0.014480,],[-0.000794,-0.014487,0.999895,]}, l_knee_ankle: {[0.999560,0.014742,-0.025727,],[-0.013398,0.998576,0.051648,],[0.026452,-0.051280,0.998334,]}, l_wrist_index: {[0.996164,-0.084957,-0.020971,],[0.086679,0.990871,0.103257,],[0.012007,-0.104679,0.994434,]}, l_ankle_heel: {[0.999475,0.027381,-0.017334,],[-0.027527,0.999587,-0.008295,],[0.017100,0.008768,0.999815,]}, l_ankle_foot: {[0.997503,-0.070586,-0.002415,],[0.070580,0.997504,-0.002256,],[0.002568,0.002080,0.999995,]}, r_hip_should: {[0.999952,0.001073,0.009764,],[-0.000431,0.997850,-0.065535,],[-0.009813,0.065528,0.997802,]}, l_should_elbow: {[0.995259,0.030704,0.092284,],[-0.031872,0.999429,0.011216,],[-0.091887,-0.014104,0.995669,]}, l_elbow_wrist: {[0.997684,0.011121,0.067097,],[-0.011495,0.999920,0.005181,],[-0.067034,-0.005941,0.997733,]}, l_wrist_thumb: {[0.996143,-0.057809,-0.066017,],[0.065105,0.991308,0.114322,],[0.058835,-0.118179,0.991248,]}
FRAME: 19 r_wrist_index: {[0.995240,0.029967,0.092738,],[-0.030604,0.999517,0.005459,],[-0.092529,-0.008271,0.995676,]}, r_wrist_thumb: {[0.971793,0.078392,0.222425,],[-0.079272,0.996841,-0.004985,],[-0.222113,-0.012788,0.974937,]}, r_elbow_wrist: {[0.999300,-0.035989,0.010182,],[0.036166,0.999186,-0.017858,],[-0.009531,0.018213,0.999789,]}, l_hip_should: {[0.999891,-0.013935,-0.004931,],[0.013551,0.997393,-0.070875,],[0.005906,0.070801,0.997473,]}, rl_should: {[0.999972,-0.006657,-0.003571,],[0.006654,0.999978,-0.000880,],[0.003577,0.000857,0.999993,]}, r_should_elbow: {[0.999745,0.007142,-0.021401,],[-0.007078,0.999970,0.003054,],[0.021422,-0.002901,0.999766,]}, l_wrist_pinky: {[0.997492,-0.055100,0.044416,],[0.052508,0.996961,0.057554,],[-0.047452,-0.055078,0.997354,]}, r_wrist_pinky: {[0.998666,0.037998,0.034956,],[-0.038001,0.999278,-0.000556,],[-0.034952,-0.000773,0.999389,]}, r_hip_knee: {[0.999731,-0.021999,-0.007395,],[0.021772,0.999330,-0.029407,],[0.008037,0.029238,0.999540,]}, r_knee_ankle: {[0.999387,-0.024054,0.025426,],[0.025934,0.996741,-0.076383,],[-0.023506,0.076995,0.996754,]}, r_ankle_heel: {[0.999128,-0.025908,0.032736,],[0.028190,0.997057,-0.071294,],[-0.030793,0.072154,0.996918,]}, r_ankle_foot: {[0.996865,-0.058958,0.052767,],[0.066032,0.987331,-0.144284,],[-0.043592,0.147316,0.988128,]}, lr_hip: {[0.999660,-0.020989,0.015448,],[0.021018,0.999778,-0.001700,],[-0.015409,0.002024,0.999879,]}, l_hip_knee: {[0.999972,0.007467,0.000814,],[-0.007478,0.999861,0.014930,],[-0.000702,-0.014936,0.999888,]}, l_knee_ankle: {[0.999502,0.017164,-0.026467,],[-0.015895,0.998748,0.047429,],[0.027248,-0.046985,0.998524,]}, l_wrist_index: {[0.996837,-0.077663,-0.016881,],[0.078924,0.992321,0.095239,],[0.009355,-0.096270,0.995311,]}, l_ankle_heel: {[0.999316,0.031719,-0.019017,],[-0.032072,0.999313,-0.018587,],[0.018415,0.019184,0.999646,]}, l_ankle_foot: {[0.998459,-0.055370,-0.003718,],[0.055397,0.998433,0.007868,],[0.003277,-0.008062,0.999962,]}, r_hip_should: {[0.999952,0.000746,0.009734,],[-0.000112,0.997883,-0.065036,],[-0.009762,0.065032,0.997835,]}, l_should_elbow: {[0.995981,0.025021,0.085999,],[-0.025960,0.999615,0.009820,],[-0.085720,-0.012014,0.996247,]}, l_elbow_wrist: {[0.998209,0.013413,0.058301,],[-0.013603,0.999903,0.002870,],[-0.058257,-0.003658,0.998295,]}, l_wrist_thumb: {[0.996353,-0.055304,-0.064983,],[0.062077,0.992285,0.107312,],[0.058547,-0.110955,0.992099,]}
FRAME: 20 r_wrist_index: {[0.998973,0.024184,0.038320,],[-0.025077,0.999421,0.023001,],[-0.037741,-0.023939,0.999001,]}, r_wrist_thumb: {[0.982083,0.066902,0.176172,],[-0.069954,0.997488,0.011165,],[-0.174982,-0.023289,0.984296,]}, r_elbow_wrist: {[0.999709,-0.024118,-0.000344,],[0.024113,0.999644,-0.011402,],[0.000619,0.011390,0.999935,]}, l_hip_should: {[0.999900,-0.014063,-0.001628,],[0.013997,0.999288,-0.035035,],[0.002120,0.035008,0.999385,]}, rl_should: {[0.999735,-0.002903,0.022830,],[0.002854,0.999994,0.002161,],[-0.022836,-0.002095,0.999737,]}, r_should_elbow: {[0.999012,0.008196,-0.043682,],[-0.007970,0.999954,0.005337,],[0.043724,-0.004983,0.999031,]}, l_wrist_pinky: {[0.997822,-0.050320,0.042660,],[0.047978,0.997373,0.054263,],[-0.045279,-0.052098,0.997615,]}, r_wrist_pinky: {[0.999671,0.010419,-0.023429,],[-0.009948,0.999748,0.020140,],[0.023633,-0.019901,0.999523,]}, r_hip_knee: {[0.999696,-0.022718,-0.009598,],[0.022250,0.998676,-0.046382,],[0.010639,0.046154,0.998878,]}, r_knee_ankle: {[0.998913,-0.030916,0.034881,],[0.034512,0.993584,-0.107704,],[-0.031328,0.108791,0.993571,]}, r_ankle_heel: {[0.998845,-0.012546,0.046383,],[0.018191,0.992195,-0.123363,],[-0.044473,0.124064,0.991277,]}, r_ankle_foot: {[0.985794,0.057792,0.157705,],[0.008289,0.921059,-0.389335,],[-0.167756,0.385111,0.907495,]}, lr_hip: {[0.999530,-0.021079,0.022278,],[0.021120,0.999776,-0.001627,],[-0.022239,0.002097,0.999750,]}, l_hip_knee: {[0.999992,-0.000931,-0.003799,],[0.001154,0.998254,0.059063,],[0.003737,-0.059067,0.998247,]}, l_knee_ankle: {[0.998706,0.023997,-0.044850,],[-0.019425,0.994824,0.099736,],[0.047011,-0.098736,0.994003,]}, l_wrist_index: {[0.997475,-0.070554,-0.008160,],[0.071002,0.993443,0.089613,],[0.001784,-0.089966,0.995943,]}, l_ankle_heel: {[0.998114,0.049854,-0.035819,],[-0.049056,0.998535,0.022834,],[0.036904,-0.021034,0.999097,]}, l_ankle_foot: {[0.983258,0.181098,0.020180,],[-0.173972,0.965924,-0.191638,],[-0.054198,0.184919,0.981258,]}, r_hip_should: {[0.999980,0.000539,0.006364,],[-0.000268,0.999092,-0.042604,],[-0.006382,0.042602,0.999072,]}, l_should_elbow: {[0.993726,0.023113,0.109428,],[-0.024407,0.999647,0.010500,],[-0.109147,-0.013105,0.993939,]}, l_elbow_wrist: {[0.997402,0.011410,0.071122,],[-0.011840,0.999914,0.005634,],[-0.071051,-0.006462,0.997452,]}, l_wrist_thumb: {[0.996823,-0.052781,-0.059653,],[0.058788,0.992849,0.103903,],[0.053742,-0.107080,0.992797,]}
